35.669213377348996
17.77614346495497
17.77614346495497
82.79446511985478
78.49038989479213
40.16431590496736
90.63546505778257
21.537495804959413
20.939860343619316
153.63912655822753
33.82683962856329
736.416638546394
18.955132389769343
50.19536069788055
22.095045687230495
26.043443594301365
42.525812133061926
63.2330730017928
15.59534603105679
77.0124569825136
25.61281091347587
25.61281091347587
20.238333063417734
151.29783923014304
151.29783923014304
78.42016962495711
78.42016962495711
15.638728438747794
14.507245791754679
212.6885646473744
34.51324875657915
41.01798258990163
173.57719747361128
33.20246278828907
57.987016861297924
23.112772913050726
26.215368820211815
57.51861549448533
27.633427904973356
44.80666106504509
60.56575844285954
70.82738107681966
90.41295233720513
181.54074512597452
74.90756315780463
49.407655401054924
51.43633333992203
20.932873135240897
51.844963529877035
44.74757238764134
29.453985543769495
30.144173731381787
123.60063814330553
123.60063814330553
123.60063814330553
123.60063814330553
123.60063814330553
204.97119821347937
13.947443311220763
16.925730278291827
343.83468752198786
26.122975971453812
53.026585385426735
178.5254354828662
178.5254354828662
347.12091008754396
313.5783458042212
28.834801499612436
36.52359494519488
41.28436765164005
53.70522935735093
99.68317357652383
86.9041566927641
217.17996858017318
10.253093094601299
20.568062322486885
24.384501249401318
27.54991595996571
27.54991595996571
27.54991595996571
40.899414551957435
40.899414551957435
92.97401143883444
32.333149066123994
32.333149066123994
24.797085715581666
227.29808939620264
56.15695857839102
14.687092423283381
14.480982561282598
14.480982561282598
37.28753764001491
37.28753764001491
44.13225155965455
56.75615182049578
56.75615182049578
152.58478502618954
156.94444805232538
126.77006298283239
26.033265205141223
36.186289438798205
50.99517647280955
57.13912246800376
63.817621041832936
15.73481252664852
44.46933599087798
112.66453907164527
118.89774612256191
321.28227994437475
22.04476688029438
28.97124957431816
28.97124957431816
28.745796011268766
139.84491504933166
20.031198006922303
20.031198006922303
30.370061953429712
24.51930014498121
34.00928554811856
12.420532801028793
27.165805543082957
159.18114693696361
15.450574531202008
74.81920297809506
83.76475323535306
39.29938774616329
446.5230899355049
539.9344680307892
86.82092226262479
73.5148545876407
77.08544364050609
77.08544364050609
77.08544364050609
22.42458424176984
22.42458424176984
22.42458424176984
22.42458424176984
22.42458424176984
22.42458424176984
22.42458424176984
53.08956598820179
53.08956598820179
53.08956598820179
53.08956598820179
53.08956598820179
23.503051122505344
23.503051122505344
23.503051122505344
23.503051122505344
23.503051122505344
23.503051122505344
23.503051122505344
23.503051122505344
23.503051122505344
23.503051122505344
23.503051122505344
23.503051122505344
23.503051122505344
23.503051122505344
23.503051122505344
23.503051122505344
23.503051122505344
23.503051122505344
23.503051122505344
23.503051122505344
23.503051122505344
23.503051122505344
23.503051122505344
23.503051122505344
23.503051122505344
23.503051122505344
23.503051122505344
23.503051122505344
23.503051122505344
23.503051122505344
23.503051122505344
207.1738144704355
448.127260252373
24.341654803286062
234.1267050760176
114.56940955544215
28.079066492184307
37.79725194568149
105.8728188542563
49.66682751002862
82.9383704909013
16.58642810066536
15.198090830140409
16.60612884432497
50.65806228524347
50.65806228524347
11.36499675725403
34.89691541652275
48.24105671408509
79.10864986763981
45.733109373402925
78.49617199889701
78.49617199889701
14.8297142159016
23.646201161557606
18.147511459011685
33.998072005455036
374.20852589216497
15.417389175560075
60.33515430924701
179.28371977471608
27.904593589721767
20.346529101908107
225.1978998843115
35.826651657138385
43.91009202366728
25.840717783349874
54.62462138788893
18.986816907319827
24.941705978389955
15.084967889655942
62.04672974382883
62.04672974382883
22.685091394582447
66.39335361344773
91.29792439184294
273.6201184770544
25.949361515117957
15.718800759598599
49.66186968923269
140.9852797855973
43.2743649975136
52.628531185821686
17.923355614686553
31.408921722119118
86.65140162268008
34.82153995101896
113.77314696096944
26.041840104691637
24.09175526008602
31.972465327640734
30.327293223453868
310.83277431403
50.33113207734763
43.00056980252956
42.183061329996114
38.48001478305907
101.46306244428823
29.622798093265523
187.52775065750228
20.610977397306236
136.7736635159314
108.48084760728118
53.024159608697126
97.37484367837868
18.87529716110678
21.30514078494548
12.469092062852287
15.582404560551236
36.97957521113821
70.19656205381955
41.05915539434884
35.42986659786279
9.311792257290284
127.2151803747086
127.2151803747086
78.63969772144682
123.04570099490026
34.56861179188867
34.186390544988335
48.52915259903785
123.80409790287567
123.80409790287567
10.316314611886705
251.8910314167529
251.8910314167529
10.127142913697424
37.48252725531475
40.75868659316558
12.532372516619779
19.919935493169174
31.727912387636174
53.5111226519291
23.90987727596075
18.260261093050477
18.260261093050477
18.260261093050477
18.260261093050477
18.260261093050477
18.260261093050477
18.260261093050477
18.260261093050477
33.377231568646
33.377231568646
78.65368217969741
78.65368217969741
78.65368217969741
78.65368217969741
100.38398092740552
25.36247760436944
13.702427387002778
22.211601133388793
55.197335860979116
9.604961358932336
18.54719235845738
11.424544623619648
11.424544623619648
10.608676537722994
10.608676537722994
29.82438139417539
17.511920864790042
64.36578394001388
23.25838738099909
93.8968220632874
14.4348161839311
19.02732475832547
29.779612054035127
15.285873092901216
34.57494889394291
11.734167232049169
33.916115064282245
33.916115064282245
20.115469311950324
29.76200236268655
72.33748691920476
9.80374524174073
142.0867147203572
27.621451471192785
26.29412738302819
24.667182302940382
16.501762708519358
12.04396151638255
29.840115958099865
124.66874338282993
64.59378920555692
64.59378920555692
19.047623514110327
50.042354989345064
48.20437582089318
40.209471463678575
21.35710965375672
86.77893309294255
23.45788081950281
69.98610936131676
46.77704081063426
34.58415733870376
58.952196751486106
91.74844320378953
109.23588263050365
50.238573770376604
14.222266220182211
47.69283610699988
61.2146506938304
28.032736076787483
17.31909676034105
147.86705837340716
22.91951148587663
53.54719225135689
62.725088997
22.889536068120666
22.889536068120666
21.56104901748157
21.56104901748157
14.174646253561248
17.190973539488365
74.81891412559914
34.79476326220948
38.37914709957402
23.43740780789439
87.19076536614199
45.46036634913127
162.40947914129612
66.69524905426837
93.7110717286626
20.640607549535467
66.80056979696478
25.948712796917004
14.499371681946377
53.91363385224485
73.8417279559781
141.20032737576707
56.32078377273976
56.14356483441431
13.685189159552726
200.72469728543444
15.996193508546492
81.73778685132848
41.25973636603296
50.70866699755937
49.88093706356984
67.0375730094228
24.195049799487187
27.146068900544023
27.146068900544023
17.86012921334159
268.3019260309613
35.276147537274454
39.74939873987848
15.398500399651853
20.161935363506995
63.50953178146132
20.68996167554594
65.66438436239915
58.965509066775645
13.693484025436101
55.36666203911052
31.80296476864009
59.675219996789885
59.675219996789885
90.15255152623713
38.242781692354995
25.984844481079627
20.328500580637666
21.480826231172284
32.21027760751502
11.577057688184581
57.21084606819299
14.551035628638514
59.052469013974836
17.08277723976781
106.81318015944655
15.293274306188621
32.439937665836936
51.017232378963506
125.42580320313729
19.794527592190917
24.33888896662898
48.18588054310193
39.1638706158605
30.105631581397844
23.788119792775163
20.08458199099522
9.775760836493536
18.171967921304894
11.740358241959258
10.925983780097171
21.581403609145923
58.851411498539846
13.633242505348992
333.77604362702425
12.468410246136557
31.487565054501356
45.445419345774184
10.678399565816541
15.515712154096903
73.66597242837139
13.744444610777268
19.32228765625026
21.972396852028556
36.17478341190152
17.217982955663263
16.296583393801747
15.545831364026387
25.51202892460489
109.07671144193905
20.011588631833742
41.28485825726089
32.76383200727142
29.692325879736938
37.850664647201846
19.51498035055987
21.88895278760309
30.723438648571932
22.240696976557874
17.464949380617675
8.910471075548232
33.20694485442548
34.27295820627494
26.187517147191617
20.408080171124794
147.54281401144175
46.59531400189992
96.73860895804123
35.46829439994262
25.978700033363797
49.34024380849062
33.70411911839292
20.5543214019866
18.672704495911876
56.96230405824365
68.20333086324774
11.182665445357737
88.801479882193
33.4277730059812
78.70688797722094
133.58683121403502
34.25554052270948
75.47283232358
14.499452870023708
98.71038961487187
22.959158433670435
16.92452916362038
27.20866929734108
48.42829435331846
30.865843167688645
20.527950287100193
38.481213516830614
87.44057909964852
132.93369510058824
39.92914868852547
54.0098885886396
38.71501796102867
33.31454669084641
39.37301115373896
40.64061877698632
33.87476373921386
30.91551481459677
63.21107418654319
76.57309991413622
11.696309054127143
17.103350375397483
12.990263567177175
73.20341740949452
27.142633367217172
25.216705394439668
33.71971758924633
15.812733535605608
243.00336077094863
10.981035293595424
20.019045573422353
147.04425965496847
27.435027125099378
160.92102904171136
117.24120730779804
22.123268652702656
11.397313577784418
31.95299065259859
24.20665134462846
44.40561043454971
52.87707781491106
123.70248293562477
31.605592860423204
31.605592860423204
31.536996071548824
31.632387884833168
22.152697344945313
40.27855319261597
45.95016069529872
45.95016069529872
25.500693815898714
20.918687729137677
13.521631476449775
26.710592402980627
53.46362247793232
18.53769616076257
11.655982635538424
36.90049632148772
77.83157028273068
107.08230497899585
54.3567372190475
39.22193508548071
19.377912264822793
30.947600605272505
200.6952820531333
24.708987373739856
33.3894124315929
8.24717952356272
37.132206054573295
21.599031746921813
9.159063621153813
27.375819315913436
9.533995812008744
12.996833512403045
43.90183941540785
17.64261643881837
46.5737289191172
41.580660682750384
18.119077937287717
40.813577566726465
20.534776975227196
32.79214442267894
74.57440003010007
74.57440003010007
74.57440003010007
74.57440003010007
74.57440003010007
53.258534519356424
51.331932997799406
64.14793045592873
64.14793045592873
64.14793045592873
64.14793045592873
51.683415642271996
27.149234323206905
81.45463077109969
90.49349734594344
77.87109345328182
108.88662115866225
21.904254146624172
40.09458098751503
9.821087531604725
15.231768284515256
146.48617611087283
146.48617611087283
146.48617611087283
146.48617611087283
146.48617611087283
16.07819755002798
16.07819755002798
16.07819755002798
8.570296637845127
40.26723698569161
72.92148857551076
162.6318329887148
18.068637157517845
17.24609530883424
43.206228273932275
21.0144150233701
23.980146369713534
58.00628845033072
12.531039049436629
28.575031941299102
28.575031941299102
87.62453221761791
77.03458833025192
57.072182073401564
25.95609142358986
45.15436032191846
14.612804793796071
62.51522925966284
25.55200611277082
40.76486641538141
13.357520372347881
16.05617014804048
21.1995582435303
80.59753626761551
50.85710444158574
233.64599966733732
233.64599966733732
34.08931761484823
18.0789369213986
20.782013746864276
14.861039907396012
14.861039907396012
14.861039907396012
32.29377889881595
27.57126825308725
24.72415139504301
142.56145403501853
69.24543474053026
27.94956744641159
35.76783152314538
68.73879816864527
136.88576168823235
20.374834024222835
70.20851681042785
46.91339331215815
79.03069464832053
14.039244394254197
12.979866796917575
12.834969391176596
43.603926629064865
22.2409123077628
18.504511770092275
36.67416621852032
117.76417318567738
25.442143407418587
14.653254573440302
67.02815686011171
48.16486831072816
21.48403538541538
17.171415430124213
18.35152801087498
46.0968595183992
34.19428614809362
92.34503121723009
25.20669986540142
16.648200039905333
21.236952251512818
15.362680728669643
62.094959156206826
32.04882076388823
32.422209777896626
41.80656611897393
28.787445460115414
15.909232857589554
47.695933806650864
35.39495552219151
39.49683192560515
96.92184999536708
39.415090320937175
57.03049361473206
30.399657724393887
31.64718995481599
17.271861857639582
45.68797680721406
18.036583382435037
44.439361626990795
52.70049942236493
29.235043718061384
29.235043718061384
37.02839537578984
91.73831218180196
50.58783053687428
28.54415756277524
22.932561902225302
22.932561902225302
70.46123358997791
35.60648697792428
29.291256384308653
38.90411204093697
15.803341851163154
97.46315976668723
27.160539395363575
25.941901484688177
21.1539520530881
74.6036886136018
16.414925528173885
119.27997360117408
10.805862879873235
23.00385112575072
51.598338452764445
57.10788529450777
59.89974876501563
660.9953080649198
29.96308825804046
26.239222744566074
43.61868877274722
36.12936713451563
37.39074411891229
21.481792374402467
51.47292351535125
51.47292351535125
51.47292351535125
51.47292351535125
51.47292351535125
51.47292351535125
51.47292351535125
51.47292351535125
51.47292351535125
51.47292351535125
51.47292351535125
51.47292351535125
51.47292351535125
51.47292351535125
51.47292351535125
51.47292351535125
51.47292351535125
51.47292351535125
51.47292351535125
51.47292351535125
51.47292351535125
423.4761851889053
57.78445104028843
122.21645163325809
53.114415402215876
30.358802841745437
91.38641242932441
499.3757977189372
122.23541620087876
89.42528307422106
105.53257740505032
154.784610807884
142.77872044284956
34.58204532108241
72.01830539709722
166.36419121436717
438.9971124701931
74.10390970789707
91.17517980074774
51.94522589806814
25.303996995697098
25.303996995697098
51.844464702630695
31.03083496415125
725.23061886978
725.23061886978
725.23061886978
725.23061886978
208.54450933643747
29.89683900249778
59.683125866498386
37.48803859637784
39.370004683492304
235.13210699608666
98.95340204717115
18.17467725535829
18.17467725535829
76.3022425071238
76.3022425071238
76.3022425071238
76.3022425071238
76.3022425071238
76.3022425071238
76.3022425071238
16.076846614036796
10.635856515488982
28.701206735414207
26.06907620846271
14.164810357164724
25.208958150291572
42.32687688358977
70.92055312463201
44.00158789032282
76.56990050082199
85.8586721246307
33.462637746570614
61.37475041004909
45.25465001809912
27.867677653320133
31.092073701998217
39.546522428848114
39.546522428848114
39.546522428848114
39.546522428848114
48.77064058240259
18.137907713791087
77.58806485191366
19.068391384490553
27.31927445655617
102.67180900631588
62.46919302319037
14.541900035219744
70.58105630574327
23.735487382453968
41.59650396130561
16.302547879373382
12.627142037653169
87.85879481382963
87.85879481382963
66.43890525886489
26.239859505020785
16.227703925205656
19.463451372192193
35.80142363500846
66.3672228545015
53.77393139751676
45.2431077503738
18.947216156539266
25.339079824268502
101.35919840241007
38.32745510591442
11.802221578531022
16.264003803221854
62.85814236409743
17.111756432682842
18.13287358762449
42.275026550516756
92.70114269619009
40.76201043523829
24.968337038191006
14.23665464032709
11.734046570493371
80.30939126265974
49.46480760771532
21.961806344212164
19.609168596557673
99.95481970381822
31.40815544872143
24.728817601455034
18.647449391482866
79.91391752514123
16.67180378074158
20.129502679135495
115.99907183090077
17.745528890364554
124.24123659465653
29.10305403174584
68.97772649722457
55.672000494233316
30.85216156774592
47.801022957286605
37.762539218949115
18.473970592406893
34.070275255115796
53.585203515799606
14.790836457056816
11.510938633130774
69.34380822088421
57.52300437865266
12.696894741715312
55.13165919601891
14.978617839695977
47.37184247797132
33.51001316401903
44.76397031330194
36.23931734827822
43.10284534725878
45.62345289348651
31.670430012253554
75.76652275524089
59.00585627950023
25.00912008546857
25.614718035461447
48.54069832571649
12.2229716808383
46.64952303376849
28.84160425765291
48.563020623565826
26.657802978562746
23.40448578140677
97.84287268668753
37.127873251257775
58.80663272897072
46.139387133105835
19.555410409003038
80.39328542221045
13.95137130579315
19.281875566043706
80.26287516463047
17.410981453535342
61.91419776257336
17.620398714350213
42.38878959784548
75.84437187444503
19.07857078050811
58.38514422358883
20.46189892087861
87.00911689018014
67.59578645910314
32.99125951970496
56.78690418589361
34.69184697819524
29.751192342081385
14.661990425657411
196.39244232298256
27.208032582682723
79.14128052213134
22.340673840590284
71.40699241051627
37.19995750573137
99.76698897460024
96.99015697137344
38.55259017030342
21.43875167620471
89.4009981816975
57.78116319119578
22.12365607056379
35.420779421827135
37.7130765996884
20.423415135162152
73.78491142052056
21.412663741994287
17.949830963329767
15.031829707048665
57.319311467670666
13.081581328609431
14.857473493240896
27.203233434620138
16.621580981471098
11.701714241966602
38.5973080757245
25.454220117231213
50.369928849558306
30.200955516142393
33.85980981223246
14.989663478913958
64.79758223434752
17.962977369798907
68.2589163803562
12.623663181959836
24.085356527989383
64.17404277231246
13.154622175874126
39.20402727445197
14.161526661248965
11.973628335008542
11.944563803803677
17.26834366823502
30.556737199405173
36.40465757578628
24.87262278955154
32.79803830214792
24.816641625029416
41.40065965161675
65.90845208058091
23.81391915224268
25.700918618878642
50.65450367657169
26.75523213801193
51.327934809564006
22.26016035735492
15.396100637443705
31.679529057075978
18.06130126809494
24.05875267424795
61.9129939956921
88.09389820936127
22.049593258088283
67.15422015508675
14.470546156128016
50.8608475103853
18.896985703848614
145.28392256214772
47.29816088976691
67.5615269818331
17.78743217240295
67.25543361957232
30.931333402386784
49.24174475555524
92.21122301065853
32.20676805272812
39.41665636811495
38.51918234950247
19.488771587900644
48.00903688158307
13.586821909686023
43.03969806135906
126.19000228440865
29.83322808598341
94.35048893820229
38.05725262937135
12.999933875105006
18.014525686488135
14.2130503337352
23.901333817523938
34.83487852734067
14.0902087116967
56.070118854482956
140.44683618724903
42.33537523993028
13.099153327856266
47.96000399517145
91.34911501493447
26.207646152014682
99.26649638306621
55.10240437778566
36.471024528705364
29.886289255694205
58.41868133791451
74.4826903468046
59.2978491464719
59.12536776352497
65.58565756111852
19.03639408277696
54.023734558912636
10.446473813696764
66.59617846619352
69.12860400450968
33.459031741209714
53.09235950858823
16.295061013637593
67.28294123029661
110.00340010350881
31.95939052131127
37.719410845084596
44.78026474446572
20.403801089318154
46.68824385189249
66.95719165514348
16.02046796838321
15.887915476785459
36.95085354629262
19.89003305531513
13.230935957758213
29.36594714498593
21.599491214429296
49.22195034886136
10.937274955273072
54.79613136992527
30.782272817528487
21.309155884521278
112.16442201299223
24.176135312318415
13.97040186151776
79.12543152047829
122.39404533589402
53.3677490787995
32.25494950217312
28.993442381253086
35.13414218364594
9.767543865513838
54.55107044984807
55.39373665465115
41.93465774292925
77.66569751276879
46.43272969776918
22.97154756633742
10.78768857726035
17.750511103334574
52.65933612569142
22.73169181197519
45.24954850567435
23.54956891865951
14.253813062676489
28.439855812428867
18.509017200038507
86.14574870031447
90.58013812364106
36.55468504499984
36.25654367709406
103.55984676395437
62.78313120044989
37.15318049598161
48.45257137028885
45.30683325374484
76.02919432416564
16.34606368588389
14.987069297820508
26.6072004485095
13.69233802475999
66.63736863983385
57.8046204249342
17.31566629847078
17.694764749833343
29.090622200661702
31.671117943862146
31.30207304658815
92.08188534555009
31.702276635966943
39.17533144399603
44.34768795481272
79.4116216676466
75.76353545415714
39.46757912921504
27.060278395508586
26.942774007763177
31.135747090821745
12.279613096389522
64.78426373239516
66.27273511504875
23.01684149959467
13.628554862574244
59.707030497779904
42.7008063226727
91.51948385425854
62.614963230178844
26.19886250982128
20.99785352870456
112.35840945036828
77.84433740123062
33.9356226304284
52.754419141693774
24.277058208436134
54.683846400987356
65.76618144336982
95.7374731118019
29.136464899546084
19.54081656143369
28.737152905396982
38.75434540210989
40.281031711586714
24.16532392668504
23.01647783413646
36.15035555425452
56.44636058231452
14.087133860892509
36.11609602800423
62.18647037134975
48.677150772147186
30.92507832534151
23.639266442246665
28.624240450242848
18.04387532409381
56.36703947980465
16.402974964690465
38.279278415366264
9.19953463554142
46.27349833048616
34.745913689812284
27.499333765795186
38.0137361093015
80.11274247038597
37.04472676295611
50.25320587740774
15.02181531450936
70.4274422006023
85.04943482277088
36.924887150626276
46.819978993599655
42.369812415256256
79.42918977100355
9.424573567207384
47.0501207185859
41.43903106924331
19.75086381927522
10.542515831852095
13.519265316786548
73.58428909071104
12.748366982790603
38.54662628978113
31.23189848860415
130.7480484109375
70.51503229330429
42.38321879380535
17.485777723258273
25.416308337753698
24.476938483600428
90.93992509792406
22.15847417385836
37.98321026657855
55.82282619177611
31.07679971240543
33.612990349639816
20.925603770409385
33.975364164264334
24.526625377411047
17.933558231496505
105.02056309776567
91.41368236220706
95.39706261893033
58.777686417809555
33.98808161933057
98.89952111548162
15.594050403034291
62.99971488605971
26.813595630184132
12.336826270533848
31.254524602750656
48.973523041720235
16.08009068963201
34.53662335229986
22.939249845812082
57.90085992960712
63.088744624922285
22.385753650803178
27.020367397774013
14.411589069314376
34.10134366931279
19.02841820094718
13.55535932704456
38.001350328161855
21.937829142860778
53.903322663925685
53.106508772409455
59.489162465309434
20.352048500092977
39.40714804795596
18.43385906052942
25.481515669994774
21.015084048915774
55.36657536837282
25.736987624799127
71.23137094802861
72.19201581529136
33.199204710567614
34.63176520641806
54.66914717495706
46.404001847927844
49.93961307513341
68.13065786161518
46.19075539562554
106.99550051324319
46.37567942733635
32.38845792255027
57.3370538236923
81.37450613221746
52.004314426201475
52.90762139922197
98.3314641717718
70.62382462290655
34.31871905241362
21.839367318245483
103.14426974411792
60.75783879081862
17.784557381548822
36.629141012625496
17.04250985520492
87.14363662579548
62.50513420336547
13.120568056874085
49.48696904496347
20.804043430914994
19.939232278365964
68.71042704468067
120.85708162649586
75.71804310607585
42.530891414182776
22.47430424785114
19.5373803109495
27.87902560519194
106.61140872877439
41.27413942879392
73.88362056711264
23.385063977123522
57.91380035511864
22.187894929429675
29.23780338293383
45.94833877636935
14.128262590301162
59.8352588553912
27.636842924382005
55.81157270430081
47.265497735595034
30.48081905168356
74.42486320760229
21.45522252310236
18.885643895765508
65.14470497911176
12.774646269877193
68.15446247408154
46.80641137500645
48.13981543713831
25.531003444246288
101.97037434084004
44.015110237999515
13.27454559776912
67.34665665475698
75.6173231469333
54.353813937421435
74.87202906731213
11.214565515465315
75.62447512211557
54.83550329281414
41.00993875342846
38.19723874623088
22.68727771473737
52.191045564964035
51.58626836073787
74.62332713511547
64.3027807894125
43.00331890275298
61.82996057571373
20.667318921378026
17.891709816010163
14.407253569832557
16.19537637048206
126.36626508422856
80.11344103450897
11.481392907092829
14.228894306451993
21.08696782303152
24.324537990338264
31.13655905312477
48.14807838842058
12.130415464384004
39.20202395120898
15.75944826592132
17.809920900766762
64.23609722403032
86.0862032369078
46.504712090919604
44.16656407676361
19.54711719928898
68.03317626428381
29.392172488518582
25.63754879460986
41.00196593357643
39.24665107997951
18.225833911526504
36.565488739648124
25.74159582751681
27.35121174128702
24.04244517803974
84.59291697982968
71.5564949435151
30.078869106402358
51.42052771191263
20.583263036914573
23.268041895423366
17.108774717460214
14.652928729203088
28.872435871774584
42.590376235306536
53.098070229923344
41.75271840065544
15.30983282453347
26.15941731048932
15.15687590225041
30.805594195683558
34.704740260538586
33.72908344139939
26.967976667377698
37.5692517814974
205.3694113036709
16.40603210893561
13.988742976823827
73.16112329600114
21.84598040920264
46.72255087289055
24.140513733881313
20.43459691066098
20.881286857532324
38.67339202138441
30.410592161968804
27.59162704602581
45.20670759660688
107.21493975936437
35.392665426683116
16.111437439108883
21.578128395288644
22.790834720832205
112.29187708256524
38.07877982957564
57.522569628392176
37.96071139332372
14.037321280425108
25.310537613752263
61.864138235465404
21.179965401792405
25.658650199990966
44.25959264419048
88.67471187265055
131.79797961418228
12.069593977130802
48.33662448423405
17.06051515125814
35.215684284337996
66.6295687010897
22.57293209134103
18.009106454694788
59.57699776922193
55.15162698335989
17.10319157760514
14.424892425598676
14.746596869409066
26.59191546224445
14.37865882283401
88.37012977377212
22.957217541139844
20.320164990143688
57.335912967590836
56.73327244232308
33.40987914183276
24.17293560932611
19.41591202881348
17.242884986012886
28.22033186812932
10.165414335503819
60.70032437617972
14.9724332696697
35.740838127458304
76.8074192294121
18.90621741592158
40.01757730772135
91.07791447375509
37.22504165232496
29.991309006096767
21.55542606872333
71.43080478504814
41.32099239871527
35.326829317399046
22.633577555870826
17.015587739081358
10.808464857066918
24.68754367673294
51.32749441702441
53.580162815005764
84.42491297522326
12.930968466060937
63.193178642650864
18.261953219370067
21.118696964322766
23.74959384757996
20.797973490415178
30.832515924311984
13.785607161921403
18.775759391537722
18.39001163883228
15.414358233605752
18.19584592711871
110.79471243924355
37.58285864884853
25.09306847558028
70.20854721120476
70.59853740019427
55.232341182651034
53.45018631573428
32.69928954641407
16.49897326724112
18.561905394929415
16.7622709866796
40.98900770042957
55.09251441212405
24.737354986276813
64.36593258631879
33.44198460516593
16.593251199560118
96.02809229788124
26.064652663490072
40.463460660871185
25.389714767273723
68.63100642008334
65.31267552802258
27.8490050987538
85.08478646780151
55.834294020122634
44.284306746393156
23.36098937964031
31.669587538630616
24.353734526528743
27.315697986788354
24.71432982038667
22.680840639769922
16.548983515694886
38.27220169475352
15.539557645032026
51.09309598575452
23.913593566786126
26.0962093705696
31.654748761281645
32.14003065993464
84.37514404594882
18.326896136498675
52.63806653597322
106.32410564690207
30.57713304700781
22.948817328208843
14.805389071690854
8.957595287343453
23.777414447019556
33.88792293380597
13.514021148995708
15.440191484452837
32.41543568388516
81.62933722492636
24.946331668807407
15.116044942205603
15.026784234130803
60.37929253433652
17.806857536105873
49.27542165321789
34.09555654305672
24.34192074606438
11.774976933263305
81.65788973651975
104.65344904028039
78.37692089936789
65.38041531840446
40.884818272252204
23.587647685707147
63.439279246847754
44.39242731601046
84.29210867509059
22.26250434747364
40.68109580454209
33.89599253329547
86.70833563953302
32.43527761943164
71.02132923192589
12.407249638112114
21.494503156463857
16.393173392502955
16.55619390139442
60.07104269630505
21.00188417659386
71.67309981670849
20.553962788181007
35.747051345305614
314.0957539434197
201.22496009235658
33.962653586178206
24.810832841703927
10.809685443436656
22.49610669331566
28.124373695328412
34.80922018299297
104.43338379407516
20.699192194803473
21.861474500034532
13.894740609944716
28.024073690764595
19.111286022088013
46.90464567257601
20.199670095520595
56.06839478167519
57.373217223153
44.306001978415736
26.446818694690513
95.68442805972825
16.912657262111278
15.132473302202577
21.923795437062036
16.291960148550558
25.651584136516814
85.73118139207754
66.4526966764918
14.542642061528156
23.35346981904178
61.699159365365674
27.22289429082952
11.248132235420346
60.715368819186885
46.54369624929788
23.761291469060716
132.74999529993735
34.535617575250804
67.84928563132682
17.717615982079433
10.51289006786304
18.285171703317037
132.87286097244262
28.400569970400646
12.80451385393193
15.20418719075696
62.02296996401872
111.98467476922713
19.182156011839492
14.629466860902214
11.762120241456802
46.12963248148881
68.43322606977944
53.23445006000728
59.10172679623433
47.817964728504656
36.83694862517565
11.94049678364787
80.92319341043806
11.558398770281801
48.99119641899659
61.081490258287246
21.15059814236344
25.821477984311812
46.75516865221465
26.110636300763254
81.25664423588557
24.732574441452083
72.84792557306531
12.710550997853169
22.327496177773387
15.602814548681165
89.72106681450339
20.133220158995602
120.20251425926071
52.02604558045548
15.050058215327226
58.91965091728717
19.733813106644416
31.355204527104306
31.68036666051518
19.06671242030525
49.14027370714601
54.610113142771844
76.66269350625306
52.45025130898607
36.74844253625643
45.34208719242426
12.273045609307179
16.617460343587684
25.92972455787015
43.51079579643572
93.0337069669149
147.10986897664333
23.120522992962595
60.335555469537994
14.01413651147377
55.02047643288691
37.98229850288445
85.01656504998441
37.41642186145314
15.853604210158199
50.53378852562774
174.43290559647855
28.077723808627074
28.172462513766856
42.028941896873604
20.293230799343952
23.18408590470307
9.342413091862717
38.65019177173064
16.04974038086266
94.9043514582681
43.142922290903904
46.78499051382466
41.83312581979881
59.65799590349122
27.06286875083129
48.66205275948042
92.91056242892525
29.574286328592898
50.52000312651633
22.911509512978736
103.12011789834106
86.65986218723323
10.511647157715279
34.62442297176177
14.669504684101543
58.92163435188108
34.21138987947123
21.78861696106386
11.688055576121705
23.8038424797075
75.79258468289416
39.39340309480314
16.80569900762103
17.09244520841273
105.6067570288123
83.84728483656012
14.557210480765823
28.269469909057026
14.240322255205617
36.65458129185074
31.629388563318148
25.614494589184247
40.61297021388574
66.47774556132134
16.52689082558496
15.60729251773925
66.12744984543575
14.680767010274973
18.587173419909064
9.715506885934946
66.15434560747421
46.24806032991376
20.289746950965313
66.43700947132017
19.862047497289712
27.632379836101563
59.44905935749024
65.50694536228762
47.295919198658545
98.53839585805106
32.881568570418715
316.2848750994652
27.045338721928264
88.43582804702054
45.08065253956703
23.05486032606367
12.146171758165115
46.52479054560564
32.322966483149365
64.87549857729199
21.69590355175585
33.92544525462511
44.36155385489978
21.086848501723868
63.355315248842444
50.1060553278894
60.16659351271406
65.32653258959195
39.930945806151776
51.36892515193956
45.32930759612137
32.772403845925126
54.17575582313375
21.685355076323845
72.40770166032712
55.96282047852723
16.908723871247805
60.76056046056097
91.87314354023312
48.19684830000301
78.2322484459632
36.939379449667264
25.130809974951248
43.38530010920389
77.03962583219842
11.521066313922999
41.0816206001847
67.73414706293636
11.994085045151202
49.87811771420149
53.805574188522925
61.696863868564236
39.04788490093996
38.026118211227256
13.912310258822387
16.419148107925018
51.186447149207986
43.36204806093707
40.61222218233231
61.1157056901622
25.07959545962875
28.167859772987423
44.88774369361627
26.703091804781522
52.93753479160033
33.65970563872953
18.74446151042123
17.039157915486715
72.34473027643264
79.61231860076217
10.360497275309017
96.40002633312847
62.95901702003055
95.42552871310768
51.61079611029767
37.14279890095259
32.41624728670373
59.00567091905214
41.529154381156
39.69915324782794
33.07259873200874
25.269551480518967
89.12423962919415
46.71748863669654
27.509410144175494
37.250244772138274
32.47859796287752
13.931783542300288
14.644499933832957
20.403917430050438
18.60936723195944
17.1764434436916
32.848029150236364
40.66780765233379
35.40620029377458
26.770644959604805
57.84137668560003
74.59879041022391
18.89826516955168
36.95651689103376
30.05389081949352
62.37285931499008
16.96571613726085
32.99161471753898
52.40769734059124
44.16473475424702
16.550985278665074
21.93384685387322
32.789411440800606
13.984284258609796
9.913099675344169
29.572966768990113
92.80458019327831
13.211428340983025
37.15200719206833
145.78731318405636
14.310019111776343
45.07485723425265
52.06258932388464
67.25843083129902
67.70683507147294
52.74762792103472
62.6789919599727
29.490280426285427
82.10200438804894
62.3564081979071
53.40957859040118
62.363205639942805
82.02621638672231
26.41228682996029
21.559171969016287
63.786202150589276
15.220923272169609
22.933332401849047
89.94758045482745
37.78865271716857
55.496000638622014
36.62604191977394
68.66513930319816
37.400995720318264
34.553030385038895
19.234469352841167
22.493371641330906
82.59874099883173
24.091374861936007
21.93688864242193
43.67982028498848
51.668258254271414
59.81731519145916
23.147472714769854
19.663665573905906
14.650452364970997
47.98483649007822
16.119017222952763
11.55888865229064
58.27533778224133
170.29970519073046
63.03129597110497
45.73823799643738
43.116409868806194
45.497486963994014
25.45260102001956
46.183932329358115
22.38476966798143
54.95869449659982
47.78580325959147
14.370338993992545
49.72783343891403
54.49141464697634
48.019130957267244
50.27560461470824
25.76707433935819
34.24494209274812
25.046173084851812
13.491509853075213
35.84481858545504
124.10668949651172
101.90387287292862
63.052299967788
21.002581821169542
20.664040612727675
17.148161025161986
44.4509354812742
15.603253186688027
44.96027674022835
77.87736552961205
15.256491069281276
61.698451434525765
17.784835927664645
13.997366717264661
17.60746652086811
21.627591755369473
55.77290967660422
37.46595208259284
36.84487773426194
28.881659865690484
34.198572657398074
76.65515253206665
20.010359438087256
23.088901717306413
47.69456699771809
27.914861258253985
18.222023966076097
39.46305603470241
36.088177788373365
103.48075329307986
47.99909800138948
10.789003445137416
23.589715986930468
75.60777126965593
11.867099438473366
28.800861065149906
53.33758894086875
29.340186334815588
39.96257927378173
34.31461601393851
25.560752301438843
37.89256709057142
39.673377636495346
87.1060994353133
11.358542921870987
62.12641304813337
18.482199026796035
91.76797752026603
31.817518608524644
102.28411184223918
108.8842908765332
23.514295823506995
13.203215281684974
49.00625460488169
40.55263308229449
19.640741423364908
86.2068871596824
54.33286879676098
43.18531934626533
43.65123843839031
22.198746930017126
15.016932488050857
35.09054958089449
79.74789849104798
12.394650965058206
134.21533073950295
58.406810165795726
41.50085422357099
22.898447386567042
26.67223739053609
15.036983573789097
59.07046646963543
61.90315251791655
10.149581875838301
79.32420712778777
19.692119664187093
22.620533939733974
17.610883460748486
36.42198904338398
24.587730242323975
70.10105301435524
51.07451231778971
22.52803235672174
60.30247466458454
27.323852067651956
10.83619224999477
17.619459502659517
29.089494182675217
61.060115868922786
49.98052423215876
19.89877287661665
34.79377485133142
32.045648536449306
21.2961214059077
45.13682680335159
19.74758378482354
12.417014825848867
38.05159142604071
67.35955866980461
83.67678882100991
134.38678953089928
11.319553129816336
81.00663066843704
40.257642715386545
24.522933979890485
49.39615627867536
62.11843865159066
39.63321829348631
37.387316429811314
19.79076288087685
23.70146526698231
26.388194645948364
30.36555165124584
43.37621011228128
23.264525033111095
19.9230905913061
50.48530343624676
22.444176906725623
35.19467245993556
62.08119838179752
14.687980055111105
16.625609059289832
17.379882576009845
84.36221151907884
23.08505415679919
70.76116471798386
20.315158459186694
14.422105514017355
21.90124002571793
32.61144936989082
45.57576864480015
30.21117810622483
41.86067086350385
81.7294705747808
65.09749533308278
39.9699991035005
129.89346006261277
47.60492234693083
66.81906798716287
14.368074969684763
43.088248359454575
42.07617237228536
61.396660389558875
114.32186620878305
58.728491274936104
20.04828365739988
31.81892626005939
61.56567341731532
10.742146956460218
22.198068093835232
48.618143085254644
43.09032932344212
29.006394330289776
47.203142079467604
18.435851251012114
19.70861885590657
54.82106984152993
42.74796647854414
41.15801956496843
13.581476474030882
42.40241142058595
20.807154940314085
15.948450072473696
65.55281937368245
51.61857514846113
26.04282621828471
46.76879070098854
29.92748105265444
204.09475079543228
40.19311384956697
40.57254138516455
43.19047480898696
89.86940377858753
81.72434262326315
27.78621402571264
23.860625206810834
26.15576368635124
100.79968429078085
39.249264647457615
18.680730762962245
41.13982843254784
19.230037501804055
32.773402404396485
24.43961099448763
34.8528478077973
122.03842650639085
60.2646267954999
16.85756699994525
89.44966659049986
50.84411852809993
14.375254173586258
25.41003814600328
35.578880161975626
85.7625414603709
20.150203952106978
59.787610903816415
43.834351531996326
51.57575557753539
16.234116431186536
84.08666585142245
51.5597112047602
26.439763605145984
54.32625239944114
21.896805907779946
108.91000986722719
31.995265979843417
20.525752625921285
37.04589738816146
60.10275628011281
56.950011085873584
34.718765012621
40.7502238119411
17.273796718008697
25.34199454470381
38.28417006371533
17.160950459712627
20.50921373699834
12.978407383645903
66.9872319199814
19.63416121293621
41.05201903354337
49.00031300833413
49.90371648774603
21.253657051147307
60.18118184006237
50.669040133306055
27.101131733801015
16.064875321758876
12.682619240606424
31.73463523440575
36.794975533401264
97.66889092915157
13.576716676835545
12.442727673683482
37.35067238480671
106.75086125435449
13.801123030622612
44.95631854780738
25.875121390473986
28.521689610229856
12.358680337568469
124.20384007223889
31.005140884668837
28.007676278154467
105.56992853056201
24.245301899490546
18.67616868649442
69.86260030119207
18.922649785576912
62.49699566269783
35.78907995793019
40.07730002966628
35.00366724153572
132.06252967887423
17.204350961142996
42.4821942050362
25.60138856356618
58.587007913486765
118.52887186531278
46.76975272930821
62.8206130128473
74.32736845289408
17.826522500420257
36.69918646994288
85.48532670551612
110.72192775919439
52.83652324320519
52.83652324320519
23.068257922410744
96.06688106795491
23.485056281944853
62.83019815561851
26.21993999064276
19.199789311823757
64.59229353063257
19.154746271011078
22.898358723900373
73.87084996885861
87.3709292871842
21.724346585925126
46.5756579885369
60.600701769625594
43.21808605464387
36.27490582264924
36.76105450378997
10.919978207942766
38.17387562667744
62.832651207620145
73.66741653291776
42.454259248213866
116.1990556790037
13.381413375147124
77.61003516865792
77.85875634443765
14.936839038868687
54.27481099915416
19.78288324498537
50.49554777964775
62.60556632345545
14.345497439633023
23.80473465487486
30.910922015729476
43.935825238473846
33.640649808040145
17.77706439860841
31.692446521251295
68.45073956689222
61.759592214238594
29.560200053055645
34.56084402032179
45.64508124755542
41.5092253448593
55.94689632374635
16.048600152583777
57.65617244272176
22.876880865281194
16.379760877565865
117.0673574613287
41.465336175439234
20.964081463502698
49.85783391253157
50.90113689148863
70.09924289262518
55.75925624342182
46.64639130233991
24.800679685058086
14.257923447138669
13.056744382222824
13.570731706609642
41.31584609058878
24.027069065027003
55.767089276187875
30.24174958872004
28.456441228000962
58.93966782992342
103.86798405498774
19.064531240474583
13.313904271799906
93.3026875855844
24.979506138362225
46.188630363048034
17.108532284902765
21.924061831955633
17.17631795788681
13.185013002365142
13.319803775014327
27.044734363156664
52.82335099806512
70.76212868433765
13.058118877688198
55.44697639118693
17.358555630970564
20.291878280895574
82.17526180864733
38.230357258332
59.46411943966163
10.820471338608627
53.44909303616213
19.37033893478307
23.421225591064662
68.15180631423999
30.11664643344027
28.26880251406338
25.956850778049407
17.440452005203916
24.02831901256497
50.97618947043331
71.39120912095757
26.06115672640054
30.591806066721116
39.7294515613797
61.67509429306408
24.25766488889863
58.33117035842782
9.796765890903371
31.008674291443928
51.86356178443582
31.30854814875749
25.919602050313447
37.01190637325807
49.6796805277147
41.38660580591024
16.729220369418687
23.680024070471568
67.39078980837016
118.1219881636824
38.80516735169143
76.53974888447006
85.91964549978931
18.14120949597566
21.32381424130283
92.7618973262384
90.93431536597282
12.726250123594486
18.136504085293307
63.4042256802263
84.24321052100129
56.43726767843002
35.95652132846658
10.753897868362984
29.335303352191648
17.746526912326715
52.381210186332254
22.85468648990192
31.40310877735535
29.116323136284386
37.13871200577412
35.670627739263
51.40504481424224
62.23516343763406
39.14993265384776
70.32825529419846
15.997587972048326
59.89749174044436
30.971889932401915
30.971889932401915
20.837931332891273
101.60166591386978
10.555681705681387
58.09117669371381
21.167402172053865
21.548797488142164
36.40628607972875
24.147143887578544
21.727604834734656
44.6861212663053
31.873461885497495
31.026353186515916
16.082792048290134
86.85850622898644
53.71095882394124
53.03581932247075
43.7539734351861
51.457762024550455
30.377431492354305
23.319557408129683
19.557337429340095
16.280149930616645
19.526915922149723
11.027491494519065
30.128529586013336
13.214092156939092
39.461465605851544
17.370653108659173
86.27991977410935
44.115923865784815
19.13450048633503
92.32174382347624
17.167698441891673
34.94093514812158
46.58183915520441
41.44038605801582
49.88936633232418
35.930714144498914
46.92738155632816
25.534487403769994
13.735910182709645
22.94692471678885
43.19896029734977
115.46293719692808
42.15753378169829
16.77473058269349
16.556884188205913
106.10342103445717
11.402490750820771
76.21600337034307
58.47021997923152
17.213214593717865
22.036508477518655
41.21340712783215
46.13076496566571
25.6444851044924
38.05497733745217
18.380327083350902
44.963665719582444
21.458422324626717
16.295098154490407
45.78573241762638
62.95118724189234
66.84522880793696
13.480998072536005
76.40542795968264
16.53470857429822
19.565214317116755
23.611381316734054
87.05924025140901
20.148728505536916
13.652620837764402
43.73441026250352
73.0455456455339
32.87782549293934
45.72531531924656
32.19308329134759
50.540668660259406
58.29163937408559
94.20703297722461
12.128514491031488
126.00703999288369
12.12382533927808
14.507626809802167
33.04101699572111
42.24288288534715
24.13204581436076
24.129941387649016
35.96468380351407
19.529333358004077
62.2074653747054
23.600944588871567
101.26844918368779
14.814192674729197
94.71905809274767
20.94975254813383
46.02488014990951
43.04094453714657
57.813611933933416
51.19794982970042
18.46987674517495
45.87149692353796
65.78304258762684
13.689503479075178
22.42548914100216
18.521143709127813
54.14045338083074
22.35142238812328
52.30041592858551
9.685638358745738
157.48787170575986
77.31862467333694
33.28719882270915
31.759845264524404
19.222919957968863
23.925125811130755
22.543079584021942
33.449384007015816
14.720014619154597
23.202193355160553
38.55332831901627
55.85590690479287
48.93504810743397
12.5200710555886
18.949746021235846
32.46696911249981
68.50248431517397
15.442239351868425
46.913598669219716
73.23622280351033
31.15929845258355
33.378172242563195
38.839448895115055
68.13172168838454
43.564369614829175
78.31281348552538
15.571308893340618
26.719405102425497
150.30630975648307
17.03703907491825
19.80218720402732
72.6271205749104
18.30529809581875
25.85231994909135
38.75665773146754
40.67495999336769
36.774952157734944
10.993293692973861
41.494560287882734
32.2763831639358
72.27427195863133
57.73600974693859
45.58074095784648
82.3450225568032
18.111792754480085
31.157388723591207
33.974957090647784
12.526166467900268
35.00474136566894
25.762999436860312
16.668476132830698
39.19982519604107
43.00240089269007
13.619278637827833
21.023100460257364
31.767756702033488
50.9777971359237
42.15879212146162
10.933076439690772
54.902551983902214
57.27060750949534
44.52880552492508
26.936371847320746
67.33061865690892
64.89981782059553
34.50469426227753
29.44586236988531
35.484261640839534
40.432465245934736
15.153177020008489
42.602546232600154
22.591335416753022
41.46550952937859
66.7830290927258
57.345540745956605
32.927094775295444
80.68729983728085
23.96876828596547
12.573107959078579
81.0498733358222
73.67689336227437
42.09294526499289
19.271216973554218
14.811741663511219
15.637622653282953
63.8701337398999
17.502547022484872
29.04938542281809
42.0943047290175
46.892993966659915
18.72569600654816
21.739250391817563
91.79682885353104
46.12364237541504
10.352503806161412
100.85234799050437
56.46097633810893
12.884356913021909
30.9238621511008
92.0226969558337
15.721417739616497
34.28780077772955
59.9468596501916
16.98584845661697
28.013954767444297
33.81500405515613
63.56089774459738
13.07790088383995
10.067935298486118
18.58266964441266
16.16671008003082
34.66642442058504
37.982331911821355
39.88738345953641
23.58503050452136
56.803050470465124
14.68832829764219
56.75037513620029
18.717475430451287
45.858163825972014
81.58097929137126
