2.238798713684082
0.6345315933227539
0.6345315933227539
0.9267139434814453
0.4922762393951416
1.2237834930419922
1.4061758041381835
0.2519233703613281
0.054445195198059085
0.07638561725616455
0.12983025312423707
0.07560029625892639
0.05759561061859131
0.07301430106163025
0.050109827518463136
0.06596379280090332
0.05087659358978271
0.04758196473121643
0.04134564995765686
0.04323979914188385
0.03707117736339569
0.03707117736339569
0.0361522912979126
0.060789871215820315
0.060789871215820315
0.03923184871673584
0.03923184871673584
0.040702414512634275
0.03257076740264893
0.04075126051902771
0.03515059947967529
0.02957004904747009
0.028584232926368712
0.030436831712722778
0.027601131796836854
0.025795787572860718
0.03215993046760559
0.03290106058120727
0.03617555797100067
0.03836432993412018
0.03869444727897644
0.03454790711402893
0.04058303236961365
0.04955863356590271
0.05112089514732361
0.04016065001487732
0.03963973820209503
0.04390810430049896
0.041095098853111266
0.034817418456077574
0.037795573472976685
0.04627841114997864
0.05068173408508301
0.05068173408508301
0.05068173408508301
0.05068173408508301
0.05068173408508301
0.03814030289649963
0.04355960488319397
0.04190424382686615
0.03378589749336243
0.03505657613277435
0.033267682790756224
0.03424578309059143
0.03424578309059143
0.02766387164592743
0.035800814628601074
0.038911682367324826
0.03954682350158691
0.04652737379074097
0.045090919733047484
0.0463986873626709
0.046801263093948366
0.045104405283927916
0.03632179200649262
0.04203145503997803
0.045559197664260864
0.0398354709148407
0.0398354709148407
0.0398354709148407
0.046085453033447264
0.046085453033447264
0.04541057646274567
0.03622596561908722
0.03622596561908722
0.044564923644065856
0.042713767290115355
0.03424721956253052
0.047811958193778994
0.05352078080177307
0.05352078080177307
0.042458823323249816
0.042458823323249816
0.05964827537536621
0.06782854199409485
0.06782854199409485
0.07436174750328065
0.0693199634552002
0.08676323890686036
0.0852055549621582
0.09007954001426696
0.08836257457733154
0.10504662990570068
0.08185732364654541
0.047277751564979556
0.045520889759063723
0.05933387875556946
0.07268947958946229
0.04285500943660736
0.050315862894058226
0.03816520273685455
0.03816520273685455
0.023895566165447236
0.02937026023864746
0.06781013011932373
0.06781013011932373
0.053617054224014284
0.025458598136901857
0.0353765994310379
0.028867635130882262
0.044421589374542235
0.07753589749336243
0.06669496297836304
0.039195907115936277
0.03156822919845581
0.06715328693389892
0.023752266168594362
0.048250070214271544
0.04914579391479492
0.023711036145687103
0.028478556871414186
0.028478556871414186
0.028478556871414186
0.026955288648605347
0.026955288648605347
0.026955288648605347
0.026955288648605347
0.026955288648605347
0.026955288648605347
0.026955288648605347
0.01971341371536255
0.01971341371536255
0.01971341371536255
0.01971341371536255
0.01971341371536255
0.029250073432922363
0.029250073432922363
0.029250073432922363
0.029250073432922363
0.029250073432922363
0.029250073432922363
0.029250073432922363
0.029250073432922363
0.029250073432922363
0.029250073432922363
0.029250073432922363
0.029250073432922363
0.029250073432922363
0.029250073432922363
0.029250073432922363
0.029250073432922363
0.029250073432922363
0.029250073432922363
0.029250073432922363
0.029250073432922363
0.029250073432922363
0.029250073432922363
0.029250073432922363
0.029250073432922363
0.029250073432922363
0.029250073432922363
0.029250073432922363
0.029250073432922363
0.029250073432922363
0.029250073432922363
0.029250073432922363
0.0338241845369339
0.05296749472618103
0.019804307818412782
0.027451956272125246
0.03745303153991699
0.02802659571170807
0.024146151542663575
0.02441371977329254
0.03062019944190979
0.023249900341033934
0.035437238216400144
0.02798580229282379
0.03182097971439361
0.02914278507232666
0.02914278507232666
0.03130703568458557
0.04795377254486084
0.050008642673492434
0.04708853363990784
0.038529503345489505
0.03197402954101562
0.03197402954101562
0.036787310242652894
0.04228036999702454
0.16340229511260987
0.10268399715423585
0.14183359146118163
0.06637662053108215
0.03667827844619751
0.03988423645496368
0.03468948006629944
0.03680475950241089
0.03311495184898376
0.03979082405567169
0.03258234858512878
0.026984935998916625
0.06637529134750367
0.05397490859031677
0.04579864144325256
0.039288052916526796
0.03432112634181976
0.03432112634181976
0.031003397703170777
0.029866898059844972
0.039730072021484375
0.04911324083805084
0.03591187596321106
0.03552255928516388
0.04041762948036194
0.03486776649951935
0.029420098662376402
0.03549983203411102
0.032485052943229675
0.03124076724052429
0.0379172682762146
0.02535441517829895
0.03313086628913879
0.033922693133354186
0.0323808491230011
0.03377227187156677
0.04220135807991028
0.06758636236190796
0.03634807467460632
0.03076874613761902
0.033293822407722475
0.0361707329750061
0.03409115076065063
0.03970147371292114
0.03532264232635498
0.03238391876220703
0.041118857264518735
0.03795653879642487
0.0375468373298645
0.03536435067653656
0.03881169557571411
0.03839336335659027
0.038345342874526976
0.06322060823440552
0.0393863320350647
0.04054206907749176
0.03927525877952576
0.04991125166416168
0.04464873671531677
0.06629030704498291
0.06629030704498291
0.0445399284362793
0.038657748699188234
0.061593246459960935
0.049207866191864014
0.12433303594589233
0.0409542977809906
0.0409542977809906
0.04228355884552002
0.059323304891586305
0.059323304891586305
0.04268122613430023
0.03986532092094421
0.041300952434539795
0.03822421133518219
0.049455893039703366
0.043066269159317015
0.03890228569507599
0.04289620220661163
0.03727285265922546
0.03727285265922546
0.03727285265922546
0.03727285265922546
0.03727285265922546
0.03727285265922546
0.03727285265922546
0.03727285265922546
0.05506632924079895
0.05506632924079895
0.11494042873382568
0.11494042873382568
0.11494042873382568
0.11494042873382568
0.07860101461410522
0.19430983066558838
0.0833125114440918
0.06603352427482605
0.0644330620765686
0.07314602732658386
0.058661872148513795
0.05123795866966248
0.05123795866966248
0.057504570484161376
0.057504570484161376
0.053936445713043214
0.07008815407752991
0.06431357264518738
0.04971654415130615
0.04662838876247406
0.06376862525939941
0.06747387051582336
0.060610121488571166
0.0575031578540802
0.06638827919960022
0.05357822179794312
0.057795023918151854
0.057795023918151854
0.05759170651435852
0.053880393505096436
0.08335965871810913
0.056533420085906984
0.06116381287574768
0.1289494276046753
0.049026912450790404
0.06479057073593139
0.05447969436645508
0.07588789463043213
0.08632188439369201
0.054668974876403806
0.07252485752105713
0.07252485752105713
0.05038490891456604
0.04682547152042389
0.05976051092147827
0.04611901044845581
0.04618654549121857
0.0373872309923172
0.045053333044052124
0.05358377695083618
0.04493064284324646
0.034002894163131715
0.03796769380569458
0.042293041944503784
0.06147641539573669
0.04281684756278992
0.046886056661605835
0.0402242124080658
0.03429198861122131
0.03915233314037323
0.0428106963634491
0.047151729464530945
0.0483632892370224
0.055271071195602414
0.04187082350254059
0.03203448057174683
0.03203448057174683
0.043879774212837216
0.043879774212837216
0.0640757918357849
0.06818286180496216
0.06514554023742676
0.048134899139404295
0.05631767511367798
0.047600045800209045
0.05437670946121216
0.07141820192337037
0.04870690703392029
0.06279323101043702
0.05253710746765137
0.050962233543396
0.053468739986419676
0.05408895015716553
0.055246561765670776
0.04528265595436096
0.049778866767883304
0.05870915055274963
0.06050172448158264
0.07902989983558655
0.07609817385673523
0.08574755191802978
0.0725987434387207
0.05423129796981811
0.0639257550239563
0.06648672819137573
0.07376261949539184
0.08116516470909119
0.05689037442207336
0.04935619831085205
0.04935619831085205
0.05749602317810058
0.09337114691734313
0.13960940837860109
0.057255876064300534
0.054026901721954346
0.11761322021484374
0.05605180263519287
0.04288150072097778
0.06237147450447082
0.04865958690643311
0.06166296005249024
0.04817313551902771
0.07904086112976075
0.07831869125366211
0.07831869125366211
0.06555066704750061
0.09752048254013061
0.14853962659835815
0.08287320137023926
0.09507249593734741
0.05940688848495483
0.07123923301696777
0.05207207202911377
0.0522705614566803
0.04743038415908814
0.061890602111816406
0.06338439583778381
0.0632717788219452
0.049242281913757326
0.056027543544769284
0.05034862160682678
0.03375048041343689
0.05531729459762573
0.050992769002914426
0.055215096473693846
0.032807618379592896
0.05259718894958496
0.06664426922798157
0.03586395680904388
0.0690278172492981
0.10165642499923706
0.0992048442363739
0.13779516220092775
0.0915985345840454
0.10671131610870362
0.0970054030418396
0.052786076068878175
0.04937522113323212
0.062247073650360106
0.05262488126754761
0.07283391356468201
0.061124497652053834
0.04781553745269775
0.04125341773033142
0.05471827983856201
0.043802157044410706
0.059197866916656496
0.05732009410858154
0.0433171808719635
0.04090235531330109
0.04029673933982849
0.036511015892028806
0.04206771850585937
0.04957745969295502
0.05542193651199341
0.06470626592636108
0.04414291381835937
0.053274345397949216
0.07353743314743041
0.04989236295223236
0.16922110319137573
0.13104716539382935
0.19052302837371826
0.09138473272323608
0.060154670476913454
0.044373178482055665
0.05431181192398071
0.07262473702430725
0.061321550607681276
0.08270179033279419
0.04553729295730591
0.05567665100097656
0.04773618578910828
0.042556142807006835
0.038625317811965945
0.03697730898857117
0.042214852571487424
0.045103684067726135
0.05748075842857361
0.046168774366378784
0.039743804931640626
0.036548399925231935
0.048691588640213015
0.04806667268276214
0.05007826685905457
0.0386202871799469
0.035597091913223265
0.04202668368816376
0.055367511510848996
0.047729820013046265
0.042649504542350766
0.05126228928565979
0.035754305124282834
0.0916036069393158
0.04356960654258728
0.03813213407993317
0.035625886917114255
0.045501714944839476
0.05472662448883057
0.04953843653202057
0.049395912885665895
0.0489014059305191
0.04768056273460388
0.04262807369232178
0.048227399587631226
0.04015947878360748
0.03856792151927948
0.05129407644271851
0.04122169613838196
0.05377585291862488
0.05297114849090576
0.05173152685165405
0.07307413816452027
0.04849543571472168
0.05614957809448242
0.04171205163002014
0.0439116507768631
0.04214850962162018
0.05702659487724304
0.07038081884384155
0.04235978722572327
0.04375529885292053
0.04610760807991028
0.054104161262512204
0.04074229001998901
0.056960809230804446
0.05661090612411499
0.04792471528053284
0.04792471528053284
0.05145682692527771
0.04945969879627228
0.036381080746650696
0.10193778276443481
0.06285010576248169
0.06285010576248169
0.03892911076545715
0.0505010724067688
0.07574195265769959
0.11281762123107911
0.13990790843963624
0.10448166131973266
0.084339839220047
0.0732911229133606
0.07989039421081542
0.05491625666618347
0.04633967280387878
0.06385177969932557
0.053138136863708496
0.059776151180267335
0.08128787875175476
0.08303127884864807
0.07490824460983277
0.05114893913269043
0.03862316906452179
0.03976315557956696
0.044145557284355166
0.0387457937002182
0.03262096345424652
0.029432243108749388
0.04838432967662811
0.040814736485481264
0.04989241361618042
0.05985148549079895
0.05737084150314331
0.06631011366844178
0.059631061553955075
0.05166839361190796
0.048320436477661134
0.048320436477661134
0.048320436477661134
0.048320436477661134
0.048320436477661134
0.07738611698150635
0.06759093999862671
0.046782699227333066
0.046782699227333066
0.046782699227333066
0.046782699227333066
0.06788411140441894
0.035176914930343625
0.05689882040023804
0.05441887378692627
0.0430075079202652
0.04921318888664246
0.03836616575717926
0.03192952573299408
0.03692885637283325
0.03952833414077759
0.048174875974655154
0.048174875974655154
0.048174875974655154
0.048174875974655154
0.048174875974655154
0.04050954580307007
0.04050954580307007
0.04050954580307007
0.05797059535980224
0.06407924890518188
0.08029141426086425
0.05703449249267578
0.055138349533081055
0.08421307206153869
0.04043560922145843
0.09155011177062988
0.06256732940673829
0.08235772848129272
0.07146459817886353
0.052262026071548465
0.052262026071548465
0.04205365180969238
0.05237141251564026
0.041149523854255673
0.05039489269256592
0.04732285737991333
0.06761211156845093
0.06067054867744446
0.05358994603157043
0.0929037094116211
0.05550488233566284
0.05438615083694458
0.06319130659103393
0.05565991997718811
0.061798876523971556
0.11904729604721069
0.11904729604721069
0.08990235328674316
0.059628772735595706
0.06551930904388428
0.05914311408996582
0.05914311408996582
0.05914311408996582
0.13066575527191163
0.08258628845214844
0.09125348329544067
0.07417607307434082
0.0981140375137329
0.12675096988677978
0.048831605911254884
0.04169548749923706
0.04282811880111694
0.04380823969841004
0.03715147972106934
0.03899608850479126
0.09819080829620361
0.04457213878631592
0.038885995745658875
0.04427085518836975
0.03953367471694946
0.033109360933303834
0.046857571601867674
0.04558610320091248
0.043874868750572206
0.06270375251770019
0.07369149327278138
0.06521964073181152
0.0593071699142456
0.05627714991569519
0.056062722206115724
0.108257257938385
0.2035738706588745
0.20047941207885742
0.215431809425354
0.10169256925582885
0.04794400036334991
0.06749061942100525
0.09578531384468078
0.07607237696647644
0.0725870668888092
0.05231434106826782
0.06656700372695923
0.04016805291175842
0.06414014101028442
0.1184110164642334
0.0945564866065979
0.17366167306900024
0.16138045787811278
0.1703706979751587
0.09267381429672242
0.1615534543991089
0.1308129072189331
0.10292798280715942
0.09928151369094848
0.12839689254760742
0.15824310779571532
0.08576040267944336
0.09503451585769654
0.09503451585769654
0.07166234850883484
0.08964228630065918
0.040825250744819644
0.06347721815109253
0.07271523475646972
0.07271523475646972
2.4320886611938475
3.008499336242676
0.6795611381530762
1.7454189300537108
0.46295976638793945
0.7124248504638672
0.8892671585083007
0.272661018371582
0.20191776752471924
1.9259183883666993
0.23033566474914552
0.3929398536682129
1.1771623611450195
0.07166033983230591
0.0499697744846344
0.06219117641448975
0.0495872974395752
0.053013795614242555
0.038374555110931394
0.03621504604816437
0.0422476053237915
0.031979885697364804
0.05277903079986572
0.04866220653057098
0.03936452269554138
0.03936452269554138
0.03936452269554138
0.03936452269554138
0.03936452269554138
0.03936452269554138
0.03936452269554138
0.03936452269554138
0.03936452269554138
0.03936452269554138
0.03936452269554138
0.03936452269554138
0.03936452269554138
0.03936452269554138
0.03936452269554138
0.03936452269554138
0.03936452269554138
0.03936452269554138
0.03936452269554138
0.03936452269554138
0.03936452269554138
0.05115036368370056
0.03634098768234253
0.04005247354507446
0.0458373486995697
0.0486048698425293
0.04811014533042908
0.09489773511886597
0.0652956247329712
0.046217694878578186
0.07167761325836182
0.039770132303237914
0.0510192334651947
0.059516513347625734
0.0467302143573761
0.047611331939697264
0.05200209617614746
0.049757128953933714
0.048110085725784305
0.07819912433624268
0.12503175735473632
0.12503175735473632
0.14985291957855223
0.06807068586349488
0.05876624584197998
0.05876624584197998
0.05876624584197998
0.05876624584197998
0.06792892217636108
0.04720594882965088
0.05293789505958557
0.048642528057098386
0.05109000205993652
0.04465293884277344
0.04857142865657806
0.04278345108032226
0.04278345108032226
0.039679336547851565
0.039679336547851565
0.039679336547851565
0.039679336547851565
0.039679336547851565
0.039679336547851565
0.039679336547851565
0.04416646957397461
0.053545421361923216
0.03663364052772522
0.04302809536457062
0.04562963247299194
0.04791890382766724
0.047273993492126465
0.05361374616622925
0.04088045656681061
0.03998118937015534
0.04034514129161835
0.048443806171417234
0.05385644435882568
0.041703826189041136
0.04783085584640503
0.05144422054290772
0.05045180916786194
0.05045180916786194
0.05045180916786194
0.05045180916786194
0.04126250743865967
0.045736163854599
0.038698771595954896
0.05994559526443481
0.0477002888917923
0.057908099889755246
0.08121629357337952
0.09937529563903809
1.4246169090270997
0.04462352991104126
0.061152678728103635
0.23806686401367189
0.04915790259838104
0.04389747977256775
0.04389747977256775
0.04879206418991089
0.04672156870365143
0.046189555525779726
0.03752683997154236
0.04121032953262329
0.04715840816497803
0.04918626546859741
0.05193299055099487
0.04247781038284302
0.048667913675308226
0.04926817417144776
0.04894053339958191
0.05225340723991394
0.05067589282989502
0.04803729653358459
0.0633476972579956
0.047338128089904785
0.04862413108348847
0.04907180368900299
0.051344764232635495
0.05083224773406982
0.05407238006591797
0.06529846787452698
0.051423060894012454
0.056170493364334106
0.05584735870361328
0.047425192594528195
0.06128517389297485
0.04603132605552673
0.05916211009025574
0.05165410041809082
0.05408133864402771
0.0555232048034668
0.04845808148384094
0.042698195576667784
0.04864982962608337
0.04860742092132568
0.0579875648021698
0.055255579948425296
0.053798127174377444
0.04722347855567932
0.0447274386882782
0.051904928684234616
0.06309934258460999
0.04998322129249573
0.04699622988700867
0.050946563482284546
0.055741655826568606
0.052857881784439086
0.0584351658821106
0.052968597412109374
0.05431101322174072
0.05516270399093628
0.04990412890911102
0.05812671780586243
0.05084437131881714
0.05693186521530151
0.04388353228569031
0.052032315731048585
0.05565589666366577
0.049484002590179446
0.053455299139022826
0.06037137508392334
0.05343863368034363
0.047306159138679506
0.059368348121643065
0.051511329412460324
0.052570569515228274
0.058625447750091556
0.0470600962638855
0.05089313983917236
0.05091668963432312
0.04767420291900635
0.08710843920707703
0.09788501858711243
0.061002027988433835
0.29295227527618406
0.04581761658191681
0.05395947694778443
0.06610630750656128
0.04603889584541321
0.054543107748031616
0.06918973922729492
0.04578860998153687
0.06209123134613037
0.047811299562454224
0.0446823924779892
0.04536386132240296
0.04625742733478546
0.0683307945728302
0.050671494007110594
0.05156604051589966
0.052497613430023196
0.05131874084472656
0.047244778275489806
0.04432859718799591
0.046291038393974304
0.048553547263145445
0.0642969012260437
0.055830967426300046
0.061446976661682126
0.05728967189788818
0.0469672292470932
0.043202510476112364
0.059349870681762694
0.05415952205657959
0.05378029942512512
0.05792051553726196
0.047356197237968446
0.05480282306671143
0.04192498922348022
0.055415785312652587
0.05257127285003662
0.057589936256408694
0.05669277310371399
0.04681392312049866
0.0451111763715744
0.05695101618766785
0.05194016695022583
0.047024989128112794
0.04155962467193604
0.049373787641525266
0.046379268169403076
0.045977693796157834
0.0513594388961792
0.06047053933143616
0.04948387444019318
0.05055863261222839
0.05350601673126221
0.05613002777099609
0.06263232231140137
0.05254420042037964
0.048575079441070555
0.05551939606666565
0.042511820793151855
0.05951891541481018
0.04759508967399597
0.05239865779876709
0.047629714012145996
0.042948204278945926
0.05819275975227356
0.049194568395614625
0.05156797170639038
0.044919392466545104
0.04707213044166565
0.05675411820411682
0.04675022661685944
0.041973060369491576
0.040155029296875
0.043045198917388915
0.052712512016296384
0.05942467451095581
0.0442423552274704
0.051966696977615356
0.05167566537857056
0.04030914902687073
0.05373858213424683
0.0435049831867218
0.0460138589143753
0.04415697753429413
0.061130869388580325
0.045544174313545224
0.05411475896835327
0.045471423864364625
0.050551629066467284
0.05574266910552979
0.04526795744895935
0.053780782222747806
0.042522507905960086
0.04699401259422302
0.05302231311798096
0.045796141028404236
0.04079880714416504
0.04988945722579956
0.04439099431037903
0.05006301403045654
0.048842388391494754
0.04795956909656525
0.043598884344100954
0.04986923336982727
0.04837323725223541
0.05021561980247498
0.041144341230392456
0.039784866571426394
0.03708048164844513
0.043882012367248535
0.05008315443992615
0.046892094612121585
0.05296934843063354
0.041750916838645936
0.05135107636451721
0.049413925409317015
0.048750770092010495
0.04126414656639099
0.05041624903678894
0.03805658519268036
0.050663155317306516
0.04337899386882782
0.04173809289932251
0.04546666443347931
0.04874269366264343
0.043765613436698915
0.044345319271087646
0.04564143419265747
0.0463659405708313
0.04888552725315094
0.04185662269592285
0.04163895845413208
0.04093765616416931
0.04314346313476562
0.045902082324028017
0.04832939207553864
0.04213525056838989
0.04357448816299438
0.04548953771591187
0.040387460589408876
0.042706525325775145
0.05023692846298218
0.04753883481025696
0.0548517107963562
0.039136958122253415
0.04207201898097992
0.04078086614608765
0.04277070462703705
0.03989909291267395
0.04314028024673462
0.04521615207195282
0.043834686279296875
0.039172857999801636
0.05153412818908691
0.043383607268333436
0.05869711637496948
0.04238448143005371
0.0456335723400116
0.046455356478691104
0.04282025694847107
0.04044419527053833
0.05358091592788696
0.04251661002635956
0.042366239428520205
0.04965658783912659
0.04148076176643371
0.043348181247711184
0.03618303239345551
0.043251019716262815
0.04185428023338318
0.04456305801868439
0.049263554811477664
0.04150828421115875
0.04112287163734436
0.045527315139770506
0.039227303862571714
0.041247493028640746
0.04549757838249206
0.04204834699630737
0.047366213798522946
0.03988384604454041
0.043884682655334475
0.0439982146024704
0.04441232085227966
0.03759481906890869
0.04321974515914917
0.045322847366333005
0.04569883942604065
0.0487957239151001
0.04266393780708313
0.043987813591957095
0.04469171166419983
0.04422567486763
0.03979765474796295
0.043082022666931154
0.044862622022628786
0.046496129035949706
0.041962194442749026
0.04358546435832977
0.04362994432449341
0.0460175484418869
0.041430932283401486
0.04204031229019165
0.037535011768341064
0.04113602638244629
0.04306555986404419
0.03981673121452332
0.04499395787715912
0.04689108431339264
0.047800001502037046
0.040109843015670776
0.040420955419540404
0.03958010673522949
0.04492685496807099
0.041953638195991516
0.03688013851642609
0.042963030934333804
0.04067121148109436
0.04464724659919739
0.04417351484298706
0.0437337577342987
0.0375282883644104
0.04446638822555542
0.04238438606262207
0.04310307502746582
0.04702337682247162
0.038748031854629515
0.04321015477180481
0.043261492252349855
0.04043121635913849
0.04153764843940735
0.04404146671295166
0.04080876708030701
0.04041366577148438
0.03936893343925476
0.03915740847587586
0.0417091965675354
0.04400349259376526
0.03822497725486755
0.03711407482624054
0.03886929154396057
0.044036033749580386
0.0382977545261383
0.04501275718212128
0.0394739031791687
0.04020092487335205
0.041397389769554135
0.03939749598503113
0.042303693294525144
0.042737406492233274
0.04868987202644348
0.04071720540523529
0.04374308586120605
0.04338076710700989
0.041034483909606935
0.03818185925483704
0.042814648151397704
0.03883611261844635
0.042104053497314456
0.03957312107086182
0.04374961853027344
0.041375020146369935
0.04480584263801575
0.041411304473876955
0.040180915594100954
0.041594570875167845
0.04375934600830078
0.04638617038726807
0.0395341694355011
0.04142257571220398
0.040346568822860716
0.03865829110145569
0.038426372408866885
0.04035515785217285
0.04042920470237732
0.03940320611000061
0.03770197033882141
0.04090220630168915
0.04148207306861877
0.042321062088012694
0.04211304485797882
0.04300251007080078
0.04147648811340332
0.04370282888412476
0.039409828186035153
0.03991549611091614
0.03838030099868774
0.04478380084037781
0.03990402817726135
0.044496893882751465
0.03807160556316376
0.04149555563926697
0.04241288006305695
0.037339627742767334
0.04145593643188476
0.04070600867271423
0.0404394268989563
0.038842716813087465
0.04411481618881226
0.041971555352211
0.04017282724380493
0.03781588673591614
0.03696970045566559
0.0411011815071106
0.03807356357574463
0.04214316010475159
0.040347784757614136
0.038065627217292786
0.038187405467033385
0.04330260157585144
0.035437822341918945
0.03958078622817993
0.036396878957748416
0.041702407598495486
0.04021236598491669
0.04333800673484802
0.04249688982963562
0.03745008111000061
0.03850546479225159
0.0397817313671112
0.03701566159725189
0.03850263953208923
0.040032342076301575
0.03910660147666931
0.038816213607788086
0.037891733646392825
0.038226467370986936
0.040432673692703244
0.03900852501392364
0.03527904152870178
0.038694295287132266
0.037534958124160765
0.0385561853647232
0.04053195118904114
0.03885217308998108
0.03672971725463867
0.038906538486480714
0.04099990725517273
0.038404861092567445
0.03461174368858337
0.0392796516418457
0.03959097266197205
0.03921915590763092
0.03922059535980225
0.03754220604896545
0.03783152103424072
0.041231772303581236
0.03887445330619812
0.04015973210334778
0.03739588260650635
0.04034648537635803
0.03971536755561829
0.0415000319480896
0.03729432821273804
0.03973934054374695
0.03527546525001526
0.036668446660041806
0.039101171493530276
0.0358309268951416
0.04113567471504211
0.03898095488548279
0.04357040524482727
0.04013587534427643
0.03845467567443848
0.04008454084396362
0.04040027856826782
0.0392605185508728
0.04106956720352173
0.04433923363685608
0.03865628838539124
0.04165965616703034
0.040329694747924805
0.04173561036586761
0.04168009459972381
0.037591326236724856
0.04093616604804993
0.041138690710067746
0.04265320301055908
0.04181894063949585
0.037141060829162596
0.037518441677093506
0.03901361227035523
0.04077476859092712
0.03792694509029389
0.0428596556186676
0.03964077532291412
0.04373900890350342
0.040401685237884524
0.03910427689552307
0.04074599146842957
0.03891272842884064
0.043580958247184755
0.04147364497184754
0.036826726794242856
0.04110790193080902
0.039047569036483765
0.04087231159210205
0.03677880167961121
0.03759936690330505
0.040382349491119386
0.038140618801116945
0.04051264524459839
0.038719731569290164
0.0375211238861084
0.039823681116104126
0.04043966829776764
0.03912848234176636
0.03640645444393158
0.040207710862159726
0.03919434249401092
0.03963679075241089
0.03892050981521607
0.039311951398849486
0.03835280239582062
0.04235769510269165
0.039774781465530394
0.04045077264308929
0.040309154987335206
0.0386563241481781
0.03696105182170868
0.0412031501531601
0.041537174582481386
0.03886653184890747
0.036330169439315795
0.039792847633361814
0.04028482437133789
0.04150835871696472
0.03938720822334289
0.03644244074821472
0.04015227854251861
0.03953658044338226
0.036585021018981936
0.04224803447723389
0.03841046094894409
0.038787123560905454
0.04216817319393158
0.03958957493305206
0.03809538185596466
0.03963121771812439
0.03790247440338135
0.03843218982219696
0.037621107697486875
0.04041978716850281
0.0390963613986969
0.03863763213157654
0.03809324502944946
0.03743291199207306
0.03882611393928528
0.04288719892501831
0.03937997817993164
0.03902387917041779
0.03821668922901154
0.039885562658309934
0.04001332223415375
0.040570545196533206
0.03813576996326447
0.03538765907287598
0.040006580948829654
0.03789507150650025
0.038343265652656555
0.04032256603240967
0.039677751064300534
0.03881794214248657
0.04306779205799103
0.03825986385345459
0.03712016940116882
0.04258394241333008
0.039804625511169436
0.037373483180999756
0.04175248742103577
0.037184405326843264
0.037212759256362915
0.04088690280914307
0.038582217693328855
0.041175436973571775
0.039449697732925414
0.0378706157207489
0.03936103582382202
0.040439027547836306
0.04189617335796356
0.04205933511257172
0.040147417783737184
0.03634150922298431
0.038167208433151245
0.0415389746427536
0.04170201122760773
0.0403629332780838
0.0364116907119751
0.0427797794342041
0.03804643750190735
0.03822246789932251
0.03755923211574554
0.03886612355709076
0.04121809005737305
0.040720248222351076
0.04173411130905151
0.040833255648612975
0.039968231320381166
0.037197619676589966
0.03956927955150604
0.03964053690433502
0.04016245901584625
0.03868764638900757
0.03862400949001312
0.038959866762161253
0.040240037441253665
0.037270814180374146
0.03804014027118683
0.038925090432167055
0.03991008400917053
0.03669992983341217
0.03960554003715515
0.03826845288276672
0.03697413504123688
0.03446886241436005
0.03865112662315369
0.03941548764705658
0.03994702398777008
0.0386999785900116
0.03592286705970764
0.03666629791259766
0.03956720232963562
0.03628820180892944
0.0365910530090332
0.03886642754077911
0.03683488965034485
0.03838285505771637
0.03882594108581543
0.03905158638954163
0.037643331289291385
0.03785890340805054
0.039097046852111815
0.03901877999305725
0.04184379577636719
0.03989084362983704
0.04118884205818176
0.039283370971679686
0.03904833793640137
0.03905286192893982
0.040386348962783813
0.03684951066970825
0.038949257135391234
0.03920406103134155
0.04044566750526428
0.03764584064483643
0.038290774822235106
0.03834974765777588
0.04104560613632202
0.03852023482322693
0.03687819838523865
0.03764448761940002
0.03939163684844971
0.036782899498939516
0.04137302041053772
0.03994715213775635
0.03686066269874573
0.0405750572681427
0.04081245362758636
0.039493870735168454
0.042375925183296206
0.037156760692596436
0.03684028387069702
0.039911940693855286
0.037968111038208005
0.036631837487220764
0.03759708404541016
0.03968581855297089
0.041742491722106936
0.03514140248298645
0.04031575322151184
0.03459906578063965
0.039945825934410095
0.04213145077228546
0.03998219966888428
0.037751314043998715
0.03793988823890686
0.03706586062908172
0.037989181280136106
0.03812209367752075
0.035311514139175416
0.03706202507019043
0.03958962559700012
0.037911003828048705
0.03924381732940674
0.039050978422164914
0.040092462301254274
0.03829676508903503
0.03584491014480591
0.03978017568588257
0.03790336847305298
0.04072345495223999
0.04161430895328522
0.04080177545547485
0.0377481758594513
0.03846003413200379
0.03732810616493225
0.03850715756416321
0.03940597176551819
0.03872889578342438
0.040687543153762815
0.038969066739082334
0.040975987911224365
0.03772374093532562
0.03419029712677002
0.0375898003578186
0.0390122264623642
0.04031032919883728
0.03866331875324249
0.038736021518707274
0.03863950669765472
0.03701758682727814
0.034574645757675174
0.038892388343811035
0.034033012390136716
0.038296294212341306
0.03705136179924011
0.0321732759475708
0.03844521641731262
0.03353761434555054
0.036004936695098876
0.03378458023071289
0.034099850058555606
0.038388246297836305
0.0378263533115387
0.03623860478401184
0.03962507247924805
0.0363810271024704
0.03686588108539581
0.041396239399909975
0.03525464832782745
0.03300465643405914
0.03673819601535797
0.036226052045822146
0.037654531002044675
0.03690131306648255
0.03519102036952972
0.031663155555725096
0.034076464176177976
0.03793273568153381
0.033266252279281615
0.03488423824310303
0.03331005573272705
0.03476122319698334
0.03674818873405457
0.029582291841506958
0.03276941180229187
0.03768155872821808
0.035496392846107484
0.03869692385196686
0.0378861129283905
0.03979305624961853
0.039680841565132144
0.03838290274143219
0.04077094495296478
0.040613371133804324
0.04017971754074097
0.03998848497867584
0.03829927742481232
0.03930981159210205
0.04149865508079529
0.0382845401763916
0.0379629522562027
0.039012011885643
0.03934930562973023
0.03776314854621887
0.03945661187171936
0.03886691331863403
0.04043647646903992
0.03688981533050537
0.04030425846576691
0.038287246227264406
0.041270458698272706
0.03862662613391876
0.03776319026947021
0.04113662838935852
0.03697270154953003
0.03832338452339172
0.0398501455783844
0.0428034245967865
0.0374262273311615
0.0342265397310257
0.03689338266849518
0.03814111053943634
0.040192604064941406
0.03944054543972016
0.03904727399349213
0.041048753261566165
0.03850220739841461
0.03834180235862732
0.04188452363014221
0.039567995071411136
0.03666147589683533
0.038633739948272704
0.0399604469537735
0.03846232891082764
0.03822566866874695
0.03742728233337402
0.0383268266916275
0.03737019896507263
0.039105933904647824
0.039723733067512514
0.03597565293312073
0.04012659788131714
0.038511133193969725
0.03943868577480316
0.04091824889183045
0.036938953399658206
0.03884982466697693
0.03810142278671265
0.03988110721111297
0.035524338483810425
0.03703923523426056
0.03754685521125793
0.041742974519729616
0.03695622682571411
0.03519871234893799
0.0374386727809906
0.0395470380783081
0.0359713613986969
0.037195760011672976
0.03627862334251404
0.03717688918113708
0.03646361827850342
0.038599780201911925
0.03909500539302826
0.03840022385120392
0.039501050114631654
0.03694807887077332
0.040103816986083986
0.0344037801027298
0.03670743107795715
0.03601828813552856
0.039383769035339355
0.037020498514175416
0.04086761474609375
0.035018646717071535
0.038437369465827945
0.03842974305152893
0.03681215345859527
0.03798924088478088
0.03798196315765381
0.03576582670211792
0.0416054368019104
0.03695422410964966
0.038073641061782834
0.03841027319431305
0.03879905641078949
0.038944011926651
0.03923510313034058
0.038247954845428464
0.03826231360435486
0.04053688645362854
0.03636634945869446
0.036503344774246216
0.03746370673179626
0.03913084268569946
0.03989030122756958
0.037209552526473996
0.04136923551559448
0.03932465612888336
0.04145592451095581
0.038749465346336366
0.03907962441444397
0.0357874870300293
0.03843464851379395
0.03987888693809509
0.03668382167816162
0.0360979825258255
0.04080299139022827
0.03740613460540772
0.03732095658779144
0.03659915328025818
0.042059016227722165
0.03798440992832184
0.03769996166229248
0.03828597664833069
0.04040508270263672
0.044281643629074094
0.03841925263404846
0.037976795434951784
0.03934331238269806
0.039188849925994876
0.037345868349075315
0.03855645060539246
0.0399664044380188
0.03767589032649994
0.037571823596954344
0.0387747585773468
0.03801676630973816
0.03789513111114502
0.03834162354469299
0.038101741671562196
0.03583642542362213
0.03790959119796753
0.035601955652236936
0.03721719980239868
0.036053478717803955
0.036055761575698855
0.037998801469802855
0.034251680970191954
0.03761350810527801
0.03854944109916687
0.0428033173084259
0.03703836500644684
0.03827790319919586
0.0357366144657135
0.03483482599258423
0.0381679117679596
0.03811793327331543
0.039570152759552
0.037332344055175784
0.03829877376556397
0.03733991384506226
0.04167855978012085
0.038103944063186644
0.036252307891845706
0.041298648715019225
0.039090687036514284
0.04020563066005707
0.0390333354473114
0.03954069614410401
0.03852156400680542
0.04067186713218689
0.037135463953018186
0.039249128103256224
0.036085331439971925
0.03970975279808044
0.04007406234741211
0.03959458768367767
0.041690203547477725
0.037128815054893495
0.038879507780075075
0.03826622366905212
0.03943737149238587
0.03561636209487915
0.038148754835128786
0.039371618628501893
0.03854632377624512
0.03703987300395965
0.037430599331855774
0.03401380777359009
0.037131193280220035
0.040988773107528687
0.03921893239021301
0.03914127945899963
0.039672479033470154
0.03730621933937073
0.041305893659591676
0.03902454376220703
0.03854243159294128
0.037608572840690614
0.04075433611869812
0.03835294246673584
0.03690694272518158
0.034437090158462524
0.0392652690410614
0.03550913035869598
0.03427197337150574
0.04255912005901337
0.038426756858825684
0.03882172703742981
0.0380084365606308
0.041331347823143
0.04137742817401886
0.04120967388153076
0.038791537284851074
0.04261474013328552
0.04066655933856964
0.040217268466949466
0.041058468818664554
0.0377659797668457
0.03914873600006104
0.03784707188606262
0.04218243658542633
0.04011102020740509
0.04141904413700104
0.03521980345249176
0.036101189255714414
0.04143903851509094
0.03979483842849731
0.03984249234199524
0.036386686563491824
0.03864510059356689
0.0363112062215805
0.037484976649284366
0.04040276706218719
0.03901468217372894
0.04004603624343872
0.03891488313674927
0.03748281896114349
0.04164888858795166
0.041277503967285155
0.040004879236221313
0.040504461526870726
0.03842344880104065
0.04048470854759216
0.039979034662246705
0.04033344089984894
0.04083157479763031
0.03601754605770111
0.036413276195526124
0.03753871023654938
0.03721838593482971
0.03963196277618408
0.03950250744819641
0.03841841220855713
0.04260984659194946
0.038464194536209105
0.03900673985481262
0.0384506493806839
0.038967281579971313
0.04102540910243988
0.041181927919387816
0.03910699486732483
0.03861917555332184
0.03975988626480102
0.03963978588581085
0.03958693742752075
0.03850956857204437
0.03663361072540283
0.04039326310157776
0.03595799207687378
0.04143618643283844
0.03963035941123962
0.03778503537178039
0.038078796863555905
0.037288588285446164
0.03758539259433746
0.03839329481124878
0.03956766724586487
0.04161781668663025
0.040428102016448975
0.03859138488769531
0.04107191264629364
0.037895455956459045
0.03986886739730835
0.039214718341827395
0.03871157169342041
0.03459126353263855
0.036323371529579165
0.03661080300807953
0.03849922716617584
0.036013513803482056
0.0379244863986969
0.037822616100311277
0.035012620687484744
0.03846030831336975
0.03899017572402954
0.038622486591339114
0.03596035242080688
0.03422166109085083
0.03335139751434326
0.037395840883255003
0.03400135040283203
0.0366955041885376
0.03878493905067444
0.039723700284957884
0.04178335666656494
0.04036476016044617
0.03723914921283722
0.041911196708679196
0.03989286720752716
0.03908120095729828
0.041316050291061404
0.03938643336296081
0.03980711102485657
0.039184209704399106
0.03837471604347229
0.037111681699752805
0.03637927770614624
0.04228518307209015
0.0363508403301239
0.038819301128387454
0.038491225242614745
0.039011907577514646
0.037291806936264035
0.04216408729553223
0.04213628470897675
0.041077667474746705
0.039408248662948606
0.03850103616714477
0.04014642238616943
0.041678205132484436
0.03987216055393219
0.04023312330245972
0.03851763904094696
0.04206341505050659
0.03911941647529602
0.03803474903106689
0.03968401849269867
0.040226060152053836
0.039587652683258055
0.04017785787582397
0.03779477477073669
0.03815164268016815
0.039869660139083864
0.0384111076593399
0.038125619292259216
0.04076744019985199
0.04064493775367737
0.038165345788002014
0.04070577025413513
0.037304311990737915
0.04160056710243225
0.037203601002693175
0.03953815102577209
0.04056455492973328
0.039399662613868715
0.03915480673313141
0.0380298912525177
0.04165400862693787
0.03896380960941315
0.038307327032089236
0.04015946388244629
0.038073548674583436
0.039455553889274596
0.03812971115112305
0.03660377860069275
0.038630202412605286
0.04116116464138031
0.039399003982543944
0.038346138596534726
0.043107140064239505
0.041061344742774966
0.03933594524860382
0.039847859740257265
0.039577847719192503
0.03844394087791443
0.03867217302322388
0.041919279098510745
0.037048280239105225
0.0390357494354248
0.03929471969604492
0.03933151066303253
0.03864260613918304
0.039791074395179746
0.04008893966674805
0.03825229704380036
0.040190568566322325
0.03840075433254242
0.03706161975860596
0.03747861981391907
0.038968002796173094
0.04058554172515869
0.03894335627555847
0.03802827000617981
0.03803048431873322
0.03577834367752075
0.03860425353050232
0.040550196170806886
0.04056224822998047
0.0373017817735672
0.039609625935554504
0.03927163481712341
0.040473994612693784
0.03867306411266327
0.040885168313980105
0.03790994286537171
0.04072039127349854
0.037973469495773314
0.04125886559486389
0.03924682140350342
0.037589308619499204
0.0375883162021637
0.03897031545639038
0.0390949010848999
0.03651034533977508
0.03909426331520081
0.03706654906272888
0.03801544010639191
0.039701738953590394
0.03800845742225647
0.03738285005092621
0.03851715624332428
0.04162788391113281
0.03620197176933289
0.037001320719718934
0.03822734653949737
0.03543184399604797
0.03830003142356873
0.037197855114936826
0.03873884677886963
0.03801383078098297
0.037008973956108096
0.03823264837265015
0.04001932740211487
0.03767364621162415
0.03381689190864563
0.040707001090049745
0.03774124979972839
0.039885413646697995
0.03794394731521607
0.03893343210220337
0.04050610065460205
0.03865413963794708
0.03744353950023651
0.03801804780960083
0.04009377956390381
0.039645880460739136
0.04060065746307373
0.03841933608055115
0.03942689895629883
0.035430151224136355
0.04130014181137085
0.035097888112068175
0.04155898988246918
0.03630569279193878
0.03957124650478363
0.03675729036331177
0.03806025385856628
0.040437722206115724
0.03916170597076416
0.039499351382255556
0.03753593266010284
0.03812183439731598
0.040689536929130556
0.041679990291595456
0.037723195552825925
0.041708528995513916
0.04003739356994629
0.03708271980285645
0.03657953441143036
0.04201842248439789
0.03915713131427765
0.038000136613845825
0.036443817615509036
0.04138505756855011
0.040449213981628415
0.03914177417755127
0.03898518681526184
0.041563332080841064
0.03813910782337189
0.03859885931015015
0.036442166566848753
0.03764714598655701
0.03883602023124695
0.03866667747497558
0.03901554942131043
0.04059639871120453
0.03987308740615845
0.03756548464298248
0.03899190127849579
0.039860060811042784
0.03916640281677246
0.03746311068534851
0.039310747385025026
0.038010132312774655
0.03778255879878998
0.03929685652256012
0.0374731183052063
0.03621494770050049
0.03842363953590393
0.03541666269302368
0.03678596615791321
0.0413017213344574
0.03753626346588135
0.03731322586536408
0.040218737721443173
0.034618207812309267
0.03659511804580688
0.03882894515991211
0.037882101535797116
0.03884061574935913
0.04050338268280029
0.03958390057086945
0.037672460079193115
0.03827864229679108
0.04104653000831604
0.03976485729217529
0.040657663345336915
0.03802957534790039
0.03614439070224762
0.038509202003479
0.03879240155220032
0.0381601095199585
0.0392437756061554
0.04208672046661377
0.038230857253074645
0.0372636079788208
0.03975754082202911
0.04154605269432068
0.03774403631687164
0.036543232202529904
0.03476105928421021
0.036460238695144656
0.039390194416046145
0.03988129198551178
0.04046469628810882
0.03830024600028992
0.03888904452323914
0.03501090407371521
0.040265980362892154
0.0389153003692627
0.04049948453903198
0.03985259830951691
0.03837522864341736
0.04273001253604889
0.03988937735557556
0.04250409007072449
0.037559008598327635
0.037767231464385986
0.039355868101119997
0.040716221928596495
0.03865265250205994
0.03952938020229339
0.038066112995147706
0.039230191707611085
0.03752356767654419
0.03924258947372437
0.03936782479286194
0.03778012990951538
0.03796306848526001
0.038912296295166016
0.035254424810409545
0.03477243483066559
0.036496445536613464
0.03651750087738037
0.03899556994438171
0.03550856709480286
0.03609514236450195
0.036444032192230226
0.03536341488361359
0.03331483006477356
0.037843513488769534
0.03252672255039215
0.03639073073863983
0.033420851826667784
0.038507658243179324
0.035946786403656006
0.035946786403656006
0.03476952314376831
0.036717191338539124
0.03532971143722534
0.036998403072357175
0.03577197790145874
0.033662596344947816
0.03516196608543396
0.03981330990791321
0.03608337640762329
0.035663646459579465
0.03641551733016968
0.03943846821784973
0.03587070107460022
0.039666497707366945
0.03948820829391479
0.040163096785545346
0.04150096774101257
0.037000265717506406
0.03933044373989105
0.03834133744239807
0.038569790124893186
0.03662763237953186
0.03709552586078644
0.040631610155105594
0.0392360270023346
0.03715855479240417
0.040141379833221434
0.03822782039642334
0.038790148496627805
0.03812236189842224
0.03663513660430908
0.03783608376979828
0.03776853680610657
0.040505582094192506
0.037118268013000486
0.038851615786552426
0.04043462872505188
0.037275224924087524
0.03786569535732269
0.04088760614395141
0.03826340138912201
0.03986489176750183
0.04025883078575134
0.03466507196426392
0.04062088131904602
0.03806688189506531
0.03846744000911713
0.038832050561904904
0.042032933235168456
0.04021232426166534
0.03652653694152832
0.03959991335868836
0.03965026140213013
0.03750949501991272
0.03966900110244751
0.04152899384498596
0.04031022191047669
0.03649850487709046
0.039721119403839114
0.03939443826675415
0.04058825373649597
0.04182513952255249
0.03907892107963562
0.03907643556594849
0.039807504415512084
0.03617015182971954
0.035992947220802304
0.04150958955287933
0.03919025361537933
0.03972125053405762
0.035297501087188723
0.03747988045215607
0.03564951419830322
0.03964577317237854
0.04011591672897339
0.041043037176132204
0.03947694301605224
0.036366045475006104
0.03797472715377807
0.04037757813930511
0.03937230408191681
0.0391542911529541
0.03937140703201294
0.039171403646469115
0.03843068480491638
0.04130851626396179
0.04450976848602295
0.03932108283042908
0.03670397996902466
0.037935471534729
0.04007051587104797
0.038411703705787656
0.039489138126373294
0.04000406265258789
0.041675102710723874
0.035346561670303346
0.04002548456192016
0.03864062428474426
0.03840295076370239
0.040215921401977536
0.04083635807037354
0.03688276410102844
0.03750954270362854
0.03814399242401123
0.03933558464050293
0.039346504211425784
0.03749059736728668
0.03885461091995239
0.03999108672142029
0.03795223832130432
0.042033568024635315
0.03793714940547943
0.03961309790611267
0.040066388249397275
0.036573436856269834
0.03888296782970428
0.04076717793941498
0.03679805099964142
0.03874521255493164
0.03812718689441681
0.038170641660690306
0.03608652949333191
0.04294399321079254
0.03799822330474854
0.03941283822059631
0.0372216522693634
0.03910727500915527
0.038094130158424375
0.03826711475849152
0.03864036798477173
0.03697744905948639
0.0386304646730423
0.037275630235672
0.03861734569072724
0.037808820605278015
0.038772177696228025
0.03948552012443542
0.03632245063781738
0.03691589832305908
0.03592289090156555
0.041121453046798706
0.036886578798294066
0.03932812809944153
0.03949255645275116
0.03610221147537231
0.03747472763061523
0.03537232279777527
0.03537232279777527
0.0392964243888855
0.03501490950584411
0.03428907096385956
0.0316092848777771
0.040225833654403687
0.03394954800605774
0.036740240454673764
0.03737833797931671
0.03281506299972534
0.0365839272737503
0.04161005020141602
0.06225322484970093
0.03879077732563019
0.03926934003829956
0.03990819752216339
0.036973729729652405
0.03671467900276184
0.040103203058242796
0.0375896155834198
0.03761848211288452
0.03866529762744904
0.037452948093414304
0.03821738362312317
0.03841870427131653
0.0364417314529419
0.03672216832637787
0.036128503084182736
0.038672524690628055
0.03790616989135742
0.04188762307167053
0.03848731517791748
0.03936867713928223
0.03807727098464966
0.04039838910102844
0.041383790969848636
0.03756837248802185
0.04085553586483002
0.03945470750331879
0.04118513762950897
0.03650660514831543
0.03889870941638947
0.038254541158676145
0.03775768876075745
0.039947718381881714
0.03851117193698883
0.038968843221664426
0.03623908460140228
0.03960070013999939
0.04270258247852325
0.03722955286502838
0.037722045183181764
0.03557941913604736
0.03854249119758606
0.040134763717651366
0.03766504228115082
0.038523098826408385
0.03795061409473419
0.04166352152824402
0.03801331520080566
0.03701444268226624
0.04094809293746948
0.0367239773273468
0.038205397129058835
0.03559384942054748
0.04281992614269257
0.03985149264335632
0.03985023498535156
0.03798973560333252
0.03830603063106537
0.03885645270347595
0.03730325102806091
0.03818400502204895
0.04003353416919708
0.0379006028175354
0.03568030297756195
0.03997897505760193
0.03971695303916931
0.0384748637676239
0.03855803310871124
0.03686233162879944
0.036895036697387695
0.04186559617519379
0.03874899744987488
0.03793254494667053
0.03722764253616333
0.03882780969142914
0.037985232472419736
0.038389956951141356
0.041377687454223634
0.036198985576629636
0.04177403450012207
0.03370900154113769
0.0389228880405426
0.04000180661678314
0.038478130102157594
0.03967191576957703
0.03687080442905426
0.03602566719055176
0.040642726421356204
0.04202536344528198
0.041286781430244446
0.038392183184623715
0.037248271703720096
0.0403788149356842
0.038822194933891295
0.03581675887107849
0.0389056921005249
0.0387641042470932
0.03964681327342987
0.03807801604270935
0.04176029562950134
0.04022409319877625
0.037169080972671506
0.041805097460746767
0.03989551067352295
0.03801194429397583
0.03368309140205383
0.03543846607208252
0.038909485936164855
0.04259109795093537
0.037064042687416074
0.03960636556148529
0.03759255409240723
0.0414462149143219
0.03518707752227783
0.03693147003650665
0.03850897252559662
0.038836699724197385
0.040177547931671144
0.03655799627304077
0.037364035844802856
0.04025299549102783
0.038395562767982484
0.03893568515777588
0.038549721240997314
0.040546181797981265
0.04044731557369232
0.038030415773391724
0.036057847738265994
0.039221495389938354
0.04267188906669617
0.037251722812652585
0.04064736664295197
0.03945225477218628
0.03653021156787872
0.040106657147407535
0.03990912735462189
0.03764729499816895
0.03648568987846375
0.03909505009651184
0.035878175497055055
0.036458805203437805
0.039484208822250365
0.036302193999290466
0.040631556510925294
0.04125388860702515
0.03878905177116394
0.03908657431602478
0.04235575497150421
0.038506743311882016
0.040701624751091
0.038527286052703856
0.04063503742218018
0.038220185041427615
0.037151679396629333
0.039436668157577515
0.03740975558757782
0.0380062997341156
0.03936604261398315
0.03672479391098023
0.035889410972595216
0.038584071397781375
0.03900548815727234
0.039468413591384886
0.035732364654541014
0.03832617402076721
0.03659688234329224
0.03675235509872436
0.03720320463180542
0.04037371277809143
0.0391260951757431
0.03980391621589661
0.038934797048568726
0.038853573799133304
0.03907827138900757
0.039438506960868834
0.040956220030784606
0.03628848791122437
0.03694154918193817
0.03718783259391785
0.03888011574745178
0.03908118009567261
0.040273845195770264
0.03894204199314118
0.03839324712753296
0.03702552318572998
0.04225419163703918
0.039470824599266055
0.03915720582008362
0.039931944012641905
0.04264605939388275
0.04132340550422668
0.03720770478248596
0.03647548258304596
0.04021154940128326
0.04081982970237732
0.038411346077919004
0.03804146647453308
0.03993421196937561
0.04026059806346893
0.039641672372817995
0.03737474381923676
0.04187546372413635
0.036548227071762085
0.03645561635494232
0.04007822871208191
0.038670748472213745
0.039732611179351805
0.04068370759487152
0.03748476505279541
0.035496091842651366
0.03693643808364868
0.03909384608268738
0.04106017351150513
0.04166457653045654
0.03840998113155365
0.039400738477706906
0.03779817223548889
0.03556153178215027
0.04071388840675354
0.039130699634552
