331212.5257679974
114094.66794013785
114094.66794013785
1730370.6751183283
1269091.4932751942
176597.07068767908
2324798.7631364972
194799.4254592141
126149.98548593365
140526.21500285892
274648.7244248693
1786510.3755845597
223546.94097988878
139027.04632187847
165845.16053292807
121122.12275390107
277831.7082415066
1100556.8195080515
72079.71078160637
79236.15519998182
367659.0103676404
367659.0103676404
391271.8962564016
7423168.151143287
7423168.151143287
690101.5582261798
690101.5582261798
112205.37711035772
880657.316912533
929343.8201860598
94108.06846851122
141322.77733137488
144067.31844922816
229173.15358752973
175710.52547994268
95115.72792326148
150835.15936154357
184048.9868920423
72426.59111585536
138348.2032802514
363712.804185549
172371.48940991636
226880.80646668206
1183567.3898295118
134158.85560399017
165778.80378208632
141102.31422676463
101127.65226230603
201423.49915798355
159544.1739202732
144566.60654135258
1204503.5165337124
26877.708680607597
26877.708680607597
26877.708680607597
26877.708680607597
26877.708680607597
2178636.1123265577
94946.53514187805
1300810.4228085584
3119688.041761099
200272.25226699084
640852.9774165121
156264.06008836837
156264.06008836837
2782775.2809423194
544429.7007470815
104268.17218230931
110085.82895538131
97799.0654878522
197252.95841014176
1820238.2562998824
2253500.4692713935
263271.8185179308
77315.13842500208
85099.00601632406
234659.90264152936
225998.3086334524
225998.3086334524
225998.3086334524
524172.12932879047
524172.12932879047
2152606.9371202956
35970.43794709751
35970.43794709751
625591.05851986
2150039.728655045
147570.85167919428
52017.42018332448
149479.36791661644
149479.36791661644
66408.13465326167
66408.13465326167
76887.02989968243
177080.39193296203
177080.39193296203
450690.64564320236
2117683.043447019
3051095.8033165014
3102235.4289993956
1006417.6574067702
1017735.7180317715
1621816.4540310372
1972798.8243002708
533461.3757002518
361935.5062465346
332710.2520840121
2864058.1317574955
2453570.9643958067
38308.81660645563
248531.1597657327
248531.1597657327
152201.9874559771
185043.50262995093
948045.3974201191
948045.3974201191
572739.6753363747
570459.5722779527
46531.386171964106
123988.4170658811
2176595.636691609
323689.601811732
1983792.3478030353
3295509.569173883
208836.74849212132
621945.8568938359
2666886.9655558504
3840584.3999501085
575430.5446040895
953251.7595700602
5507059.703775031
5507059.703775031
5507059.703775031
271640.8972021491
271640.8972021491
271640.8972021491
271640.8972021491
271640.8972021491
271640.8972021491
271640.8972021491
351011.2872620512
351011.2872620512
351011.2872620512
351011.2872620512
351011.2872620512
1390536.2115308465
1390536.2115308465
1390536.2115308465
1390536.2115308465
1390536.2115308465
1390536.2115308465
1390536.2115308465
1390536.2115308465
1390536.2115308465
1390536.2115308465
1390536.2115308465
1390536.2115308465
1390536.2115308465
1390536.2115308465
1390536.2115308465
1390536.2115308465
1390536.2115308465
1390536.2115308465
1390536.2115308465
1390536.2115308465
1390536.2115308465
1390536.2115308465
1390536.2115308465
1390536.2115308465
1390536.2115308465
1390536.2115308465
1390536.2115308465
1390536.2115308465
1390536.2115308465
1390536.2115308465
1390536.2115308465
3390328.319775303
1064891.033431512
130428.1186024661
3042483.2649176423
657213.3123833882
160914.26643369728
213830.02998422168
203769.0969868986
1955153.826800177
1234840.0379056393
222592.5666881759
160519.64842985707
228062.93357399091
111965.1137581064
111965.1137581064
153430.32883194706
114446.18502125224
193016.1059882171
189913.4503231278
94816.36925037864
117279.95783934285
117279.95783934285
222971.69485843633
118271.44747846432
85869.37088155077
300858.7087952357
488473.75142772205
170049.3613137141
328672.9126846707
693079.3702819984
1328644.3208009205
267227.582594536
244290.2446765092
115778.02826880984
220499.91757451117
172399.37807256373
151779.92109488224
222734.86175484688
100017.02526871808
376094.0015877059
112908.53765597506
112908.53765597506
345806.10239222983
177771.2275571107
173473.64172427074
3829563.630900637
418684.5680192228
256048.91141080315
161654.95308479507
191691.52001583512
1106553.2475547316
573308.4400840123
134018.62945695975
132913.2646926447
223902.9441191404
182312.51405813041
170844.17954688377
171969.0698494799
2400894.0846276004
130157.52276996877
217831.95489673107
1742594.0809842106
230478.37480503425
145717.82711189837
186698.70967614587
171628.92736934667
308909.0081793628
161451.2176596951
461511.70719451644
199254.64015505207
127296.03358503833
193040.3011573127
158516.28499314692
211302.58095364153
113265.5949882158
84955.5213103388
146688.479809275
112941.66872546256
98723.89082192116
149778.59269010712
182524.09274193415
114833.40516435966
79234.98650863452
147589.44273294174
147589.44273294174
164390.56121411026
167547.14997988116
124874.87779502127
93677.72846012421
453071.09054207447
450710.3797167594
450710.3797167594
3616.993431121602
7579.437469293265
7579.437469293265
213539.49004698455
142520.6230923686
126983.77249046546
196769.33822973617
134248.98246063993
368626.0868597642
190102.5612380837
202830.71031495498
301503.8683308505
301503.8683308505
301503.8683308505
301503.8683308505
301503.8683308505
301503.8683308505
301503.8683308505
301503.8683308505
7860.280540781328
7860.280540781328
333144.14190898545
333144.14190898545
333144.14190898545
333144.14190898545
35928.5570124807
192544.81924704742
119603.82882703973
88082.64553309325
53214.67173583186
75123.80977841641
103451.50955058036
73713.11301082044
73713.11301082044
128885.97374873134
128885.97374873134
58105.311861445036
232003.13953055086
86211.78881324774
281127.10646224045
79614.12216602467
124449.21034912145
173927.05121808764
165139.41398428165
105307.7687805642
94967.09727234427
106295.93648246485
60690.53420927186
60690.53420927186
209187.1176764229
50696.111374218075
135681.06438655796
426616.6008290656
37610.87349080644
300415.38863117824
21244.00903692963
15806.68327538668
31757.188241496086
130076.11698865876
145338.2112549632
1009716.8406388776
2811386.970017609
2811386.970017609
167901.33562139605
261663.097208934
217211.64293051674
177289.07610710897
211154.39075311954
217115.49799148503
152351.68105950946
188444.32357361072
179810.47330018957
231756.4469575029
196144.0269641567
175907.98180606004
206127.71824987567
246595.59057434055
417679.78256958263
173848.59796861306
812642.3691785804
212452.32646712632
133455.0092442646
245440.9729513982
484407.70075099124
263323.67523745785
230852.7968034968
170317.56564460153
170317.56564460153
24423.23943481552
24423.23943481552
5316.2674441664885
1177260.1814577333
71402.75103990064
192969.56520996673
221782.15035791358
127637.59611568751
140608.26952265427
192838.9056188057
238122.96718367087
196271.16975887798
930924.3962169577
198563.96385390175
201079.6141415704
90097.50607308868
130068.5934569279
113804.36834150094
172817.24834895038
250370.2370789445
153011.1889604508
179316.31357127684
132854.25481758348
344782.0578542777
538686.259572922
1468905.8544348418
263564.84722308116
287718.0533180075
778253.7644267743
108272.26187426396
17456.44782682425
55425.18513283559
55425.18513283559
19268.69255201328
1209564.0397659973
97141.23354331957
42972.00851516382
55295.49453749904
1158369.2364007505
60807.8738622031
102446.74402347006
205422.79806758973
223083.8610656098
104822.7813853331
98561.40235982557
110052.82042973806
141795.8558713254
141795.8558713254
52371.94182900395
314133.6732906914
251315.28486723147
225623.19992205405
269750.018454299
157028.8754586903
81840.49844488964
130337.99002066618
124302.50481485602
330764.05443469784
125412.35616688692
106912.5571301113
322170.6239920788
122191.40763957029
204636.776232012
166755.47720525498
84760.53145485227
86223.0060581382
438492.37514696264
83279.18382250979
88562.26088281129
104897.68753187291
89643.10672353134
35737.19377990202
135115.54989249422
125864.0024380761
65492.76911393369
66451.46063862563
119795.05247254032
820087.9916882318
1854114.3233883076
98987.35515827866
262027.90851832562
87508.59367605892
76236.49423212207
70302.9976976499
158070.44794312568
75394.18335995966
296659.55723242555
694659.9713600399
724149.7269682907
24858.732319123545
252491.33419798288
205293.5542590079
203262.7784566656
83438.4444319324
102633.76076357957
128684.32163957115
163129.03455748406
253717.33549391545
125246.93825278565
161756.36742521898
249824.8624404787
379255.16045481525
65005.41330746296
127390.34956607799
113150.21717981662
58161.279677875296
346116.8012333065
323104.1702380328
269351.3545450971
338738.8652803635
623661.756082272
181905.66435661117
124285.74745900022
234803.4672266128
117863.18703042984
259835.4959187246
176384.21267030053
225541.21454715292
84609.17044504818
176039.5177688774
96448.1849713992
68970.67200386319
163586.69740351933
198966.03305394243
202931.29395054642
194216.50273417175
175110.3097423934
154568.25679185512
220683.83618164502
362566.86529592297
214790.3527117546
192802.264059987
201721.12316113766
310691.8061015571
193343.52841159928
287142.3822623348
144002.60138099795
393622.5197502694
157883.64040916553
814934.8331183527
413114.73294154333
312501.42169275275
244371.90322063264
269935.74730920093
257749.869132814
319662.2211164996
156215.27009330783
299415.75962478644
115579.57606829767
62084.22448996783
137575.1960119892
246761.62742906224
463370.6184242354
133743.75740108595
321733.0928804041
140228.30665357114
164276.20365837298
111181.95037281631
54917.73055938123
472508.4211235489
341700.76618746936
291728.1017487881
326777.3806362815
87087.94087578678
129550.47036991316
149790.2822613238
88641.5644446848
128435.77388706822
83354.33817943094
292899.93429954717
53086.217675134496
53086.217675134496
84765.29823381176
59881.49370910203
92328.69798824545
60166.824799823844
236873.13935094525
236873.13935094525
42968.75992207957
39561.88436034433
105166.24919658259
98387.93493132485
49765.82281777095
141817.45742866918
100225.40746500502
911884.9787848159
478253.1798951671
287406.571528375
260109.28987506946
32588.05436757957
592896.6175796572
23284.576883754497
1228316.3174733939
380057.2770093376
138669.14036358826
112185.44305946458
89348.80303454254
100883.73824233783
126606.38878746769
127942.84034387843
66923.04604367907
58474.37105987883
200279.85527890484
93403.9173915613
64454.28461685487
56846.93712292855
300647.94426354097
259236.41980009928
63295.014945206494
57507.618025691845
811018.7863422158
811018.7863422158
811018.7863422158
811018.7863422158
811018.7863422158
1216606.4103708724
313524.0230028069
258073.70614555368
258073.70614555368
258073.70614555368
258073.70614555368
240874.5332919458
49851.120154647324
133171.49571914627
195817.45105614248
350317.4951182479
459839.6702767165
851229.5332083218
114657.92849184501
103709.11833000802
180832.95826159447
214611.57941916556
214611.57941916556
214611.57941916556
214611.57941916556
214611.57941916556
59460.220722156446
59460.220722156446
59460.220722156446
26564.734755336092
364624.28711615823
247005.89272999845
453477.4680363687
119200.09816758569
45140.98778878652
62714.58625937272
105223.97541409105
77316.58947093709
142181.83417513195
57632.031816956965
68107.56149620209
68107.56149620209
104736.18390724709
165011.78789953585
62429.32049285029
101874.21168017689
90145.11664983611
74954.22262014967
59549.04737494417
90555.91615250228
54684.970504412995
86011.7912091191
48403.606488127654
84129.7399488117
68421.21599581477
162315.84984786165
982119.1250279244
982119.1250279244
130879.52582588262
57024.70209713866
78857.76674094448
146086.95605387184
146086.95605387184
146086.95605387184
29005.622749257633
20996.761662771714
125273.38815570215
1204739.7028152538
186068.85448385257
2412363.012391969
418904.9071134065
394502.49925118464
465361.0638591623
237052.34008057203
207824.5209776943
146128.6798937451
122594.97779934289
91201.24209410905
70742.94102219277
387920.9009985128
128621.77310182934
103295.74559919495
158883.89466870492
120970.29289002721
174241.92540004096
124779.8394775619
217067.8123098199
153364.9054721652
80589.7309164637
160983.8127699993
136064.20079845953
119935.29887524404
101935.29658745177
132207.0116121589
196376.7478288383
97127.9697231295
74981.04382796856
107483.16954987429
106353.9683096589
94963.60011299654
140731.41660413737
102962.39095978325
165990.51261258777
82465.76990999367
80135.48028944473
104229.36553458411
101128.99944075863
229577.22666027592
170463.5041815227
107140.10522305167
327035.3708108876
300906.7827625178
467531.103974851
187092.1846720419
187790.72960600164
131990.00865048313
1024860.2599727071
147498.00354718373
266764.4715181759
266764.4715181759
75449.85931247857
165669.8578984898
75934.22128019243
193457.39385407764
31821.507361579057
31821.507361579057
1132600.624183762
560165.552107734
213241.41229104286
165806.31376743683
201368.29237929994
176939.8993686105
175789.98966307356
1264425.0231332367
235933.0385778099
204321.43328558383
112881.87708250726
2221144.446584455
153470.3684201928
286317.57079447986
258790.36154063497
601809.01358477
178531.31864170087
15731909.048547862
976792.0772032487
1541274.6288877663
151506.52292050485
445981.29695700883
60983.67058668895
236576.20625255664
173354.7369090518
173354.7369090518
173354.7369090518
173354.7369090518
173354.7369090518
173354.7369090518
173354.7369090518
173354.7369090518
173354.7369090518
173354.7369090518
173354.7369090518
173354.7369090518
173354.7369090518
173354.7369090518
173354.7369090518
173354.7369090518
173354.7369090518
173354.7369090518
173354.7369090518
173354.7369090518
173354.7369090518
7965823.429456763
166503.10519324403
352352.8884378176
3934680.9262639666
145902.32083120773
87222.78308035826
1555666.220400097
490420.71582744195
151900.6068643037
2094145.746991434
2905494.7256627656
152176.09081229614
210628.5857972479
265160.07537947164
1834752.9382461125
2348132.585675028
126601.63337482394
147030.43910368514
245730.27228111017
539695.97224833
539695.97224833
240866.08670966738
161811.0564812962
2086548.96597466
2086548.96597466
2086548.96597466
2086548.96597466
6804389.778073196
137440.00720831903
152723.2162206021
342724.8013645791
95526.2395529064
7192209.483449584
296619.4380903672
123923.18380199611
123923.18380199611
2067723.3766240815
2067723.3766240815
2067723.3766240815
2067723.3766240815
2067723.3766240815
2067723.3766240815
2067723.3766240815
234441.21972706146
53287.87618356077
113437.95504986792
232201.8206954567
114583.1100158355
135666.65420953627
121071.13936282872
114170.27368970173
82256.83350427257
163513.7162540602
144382.31634053588
115112.75036775698
116334.7912809467
153862.43256558594
154326.92940553333
104817.88704337267
133622.4346091195
133622.4346091195
133622.4346091195
133622.4346091195
329746.9357427668
199767.87014435578
192177.98257039266
87452.87983579792
140281.88008823583
141625.26788151718
240227.194661414
98598.61884962136
3961206.811143185
105867.51300465528
589504.8662890143
103514.69140752204
174559.07964846437
213222.24790801504
213222.24790801504
87549.5384052751
134980.7996937324
98588.04571359952
158505.68791524827
187073.73212837064
191997.65502359296
114074.51598225064
129630.00140570705
130685.31602680823
96140.57080730432
137697.24743905486
132872.62555811237
133568.06197892645
97968.02025535921
154806.5811619955
151114.61117569776
141991.6025103227
151974.41540302432
213389.8876820736
172395.31984268862
155798.4752027843
99495.59757093072
83729.83151023267
245334.87740937035
151450.1967502523
118310.02795567943
108659.42052597798
85232.82750825533
95991.1856749189
136821.38577828865
95090.77045025681
110933.0361660322
126627.54980923951
151723.78870794098
81198.65142739294
198893.128632083
98428.17575648276
123857.22277074857
128412.09445778554
82004.86333536565
168203.8831586886
123987.33917247599
182893.40461570545
237958.791864128
132016.44322257605
118259.52184972585
70624.38144678666
132917.87509518594
109049.01409077425
131104.3214949622
145781.9857756231
128553.11499080792
114250.18341871319
76122.72571652032
115102.52632572461
95144.92925986042
127011.22414822997
125686.25794416975
173291.904504793
181707.07016993538
137825.78832302598
74453.86014497557
124513.210537073
141443.38691495697
200091.08545847368
166194.56455863954
126593.84857876113
118592.51073981941
193254.65989935675
118298.08137630817
112802.2667391826
97498.3629699861
116276.13304549357
144297.92956843987
122271.18598149416
166288.3016584736
123951.21439630754
141077.06341853834
178363.11835352334
122075.30842027882
126192.51648532998
146604.01893824548
125036.69601028362
156059.8369834535
177507.50772216887
115113.38906066386
178730.29190861818
135863.94248417663
82616.54063186591
145195.0238229946
136981.31786925922
214155.79779148832
155615.27046055972
115331.99538702107
106430.43954673331
148902.82305571224
136101.12962112867
77044.41669223909
163211.32034460857
243176.6564478566
155602.1147102292
102718.17267509669
136194.87259884865
181541.89464181653
183770.62547615307
149217.98921292945
110501.4683821518
153759.1289413037
127184.66229219172
90258.11511511223
145614.29577171488
91943.93501575809
118915.41004207706
177893.72241878
97937.54016150361
142064.25140829218
164446.34803492666
159946.7061939204
139932.5636483229
131672.1069562219
116980.77881658172
80830.5918269579
111688.21550497903
111544.62508455223
148102.3569327219
77241.57818743242
90912.85086306561
89438.54895792816
145113.87568863903
145491.20071300108
147531.6904718262
76442.3526400596
95232.33408521742
116942.19774957887
104796.29357064833
115856.28750421121
139609.64097081957
126784.86388412867
177091.25431678808
168306.29435660818
108832.67021739954
152677.98868925485
142400.2903673485
130889.4650326808
114592.47882764527
158605.18707056923
115323.10446529278
145006.77176494608
205422.81324008628
152324.50666427065
171583.19641249237
171737.5242486304
112269.98609040513
146330.32190164548
138031.40322682468
106903.3829217077
183736.30166753102
172086.4956950867
86290.64222035815
158223.04987734172
156222.74746749797
116182.812271762
176682.61383246593
110711.30280229317
105748.1337630102
107976.51977848362
150249.0584339271
154717.5830250885
191391.00681456728
197607.7786793553
120402.65110330179
133519.86287875663
153018.55836463944
169265.51526492875
203718.32284906143
140834.20957795053
145472.97088387678
96830.57632518408
193648.07334955558
148168.6854611369
117935.58572147273
137214.70438407376
101470.07992349859
231167.0999336309
147882.04997953132
231751.1734931155
116930.41406408092
116163.36407412749
144286.4989101663
166977.30074362626
175181.62331922463
177148.57163450605
170498.5118965258
170199.70293611314
183674.53509660356
208400.563078588
160946.90294169565
178416.1776990715
131238.93747121852
153236.43949321302
181540.15849257726
190620.52788713312
134912.03617489475
215756.41819538735
130880.3112756825
161577.9770233383
124456.59429531696
109109.42048525043
127228.67185699889
108289.50929511151
90735.24796991669
83092.00293403369
177907.94496531284
123202.47972316196
126458.85515454639
199456.43849711225
91629.7634148824
187517.62352505318
90989.2005650349
111644.98435525541
132997.91000478738
110763.79467276305
131202.83203587544
126526.70409657518
110171.2355705278
119921.15798342692
130470.78560551254
81047.70262623567
78111.69736304952
116136.97546835624
146623.01548706472
154741.05239184495
170327.7459127566
75809.61132082118
155323.11947578276
103584.57692156847
119830.21446610992
167497.9893663263
114681.45328335273
146255.460239747
81662.11639740446
107015.08857284274
148830.22468435444
110468.51501382462
107042.22480723765
269544.9605384966
255538.18753304408
97434.95020702056
123932.97963777916
104787.16769974174
130394.9923795145
142903.20560507168
100063.59810829289
112062.28208746683
132261.22407691862
119426.28350385393
218479.3043710073
211965.64005818483
148813.14562095347
131937.77455580333
129070.11640587686
120432.59033789596
108453.0106948446
135968.50677232945
115424.59955874663
125856.48408858216
220016.22771696717
106679.5190781158
171964.94657164603
130276.60324726299
124521.29710920439
146068.54720080213
115833.81529228491
223792.74663848392
183705.55444230445
117205.87480239951
99178.84591257785
101067.52129250279
79152.30095810276
138483.3371518919
104706.85814492065
108840.96413012629
177447.68356505412
98132.15058293965
155289.52246612642
73287.8602295013
170858.53361415624
139051.0649029038
86545.3718982546
117703.12259887347
130698.4577997921
134513.7173900681
123423.78606887352
104653.35729742402
169205.32381739348
114345.61927655272
109360.7906277509
130561.39248831125
103847.68028742242
249374.53129789396
112690.11274987494
115297.92145544621
135924.14945102466
89077.72854995368
129356.49043459311
122770.12160261921
185888.99811833215
135308.77271898717
128555.84802826974
103386.55552803258
146384.6128575072
130794.99517852013
218336.928177332
132880.67950045795
98486.72727303214
113039.59810088646
149400.6274183253
94344.32357026389
106308.43614823376
101494.26681571975
135006.9415914947
132078.82460328564
176648.88998896405
97278.752999641
130745.83126688363
78601.73455936984
155347.78883668402
105730.16205770899
129989.41803241886
205941.84664061028
107648.76601822233
122811.97815263829
171966.7787472799
140717.28320944234
140510.685246262
117695.41797541911
144589.1421683737
125052.74449144088
151360.6127716624
107424.66942721441
118169.4608731621
144203.955824251
160505.18237202975
98099.71041474144
108869.95372585788
149047.79320088675
105546.863725017
125529.97605395323
122191.81293718671
147054.29529956167
157254.87831376382
113097.53857400209
150040.38455223895
87723.38910879685
140237.22678563502
112146.517877641
246025.1978160285
125959.15019019062
197522.37226821305
104076.66731579942
103468.80371531041
174746.65697504167
148517.30964600164
85111.57224072194
125869.61488010612
130513.24286294344
150942.6195661648
86587.43566148421
179584.16070822132
87937.54359190645
117824.91623481923
101006.94160078208
165925.56168849522
119941.2354587785
175889.59270486585
173583.71890030766
101836.46665345371
146820.71830436244
132270.8322479304
166523.3359139695
107104.8666844908
79395.80655272346
120924.0323641404
172298.7192027054
183852.54240598573
164408.31409411036
117122.02193898975
143901.46775819236
110846.52506306955
124034.90789774338
139356.1719645259
112517.18361733084
147024.19170679487
120891.45826553255
131272.47738371402
126124.016783393
179276.59785355724
112133.0701448018
138156.19547809946
101956.82577124605
124041.83755833622
145941.03534648428
88965.40276555224
111127.50035332737
143771.45445540638
118431.54419250893
189562.2708815568
136874.07405725136
160369.85515108574
174661.04621449474
144251.6392471208
136760.8436342071
144240.7464282817
94195.23408457027
139606.5912336357
125105.28510853829
180719.24735808355
118699.67171059341
158822.67139775597
110381.8358974538
119875.72405916867
183797.03571887652
138445.16478967317
209878.63079993497
174188.41293476624
84234.33775512938
138190.32341938774
125261.14618663036
64568.20951148967
108051.27828706555
130069.99101226823
103916.189444736
115307.10733771104
134259.04380644974
149847.3640719691
174543.06652945795
100965.02958077213
78629.99943742351
113119.84273793001
72894.5717203434
127279.1166931829
110392.49618399248
139974.99535197223
102459.39752355506
188091.0817009959
180257.66257823902
159017.50024845495
113321.65878723576
159460.6438532392
162572.0870278701
169646.00629138228
186723.56467917658
110025.69770263828
135143.14489303713
149170.97887108612
76923.36105589713
158767.34941677513
121570.29244732039
153461.8738581126
114071.86674595604
79169.77727907823
113253.87019075105
123134.311648137
105915.56891712418
219349.87964193887
145014.51450594253
96397.86118164028
125580.42937093439
115139.48628245885
136970.92808521132
154631.6773170052
138914.6054127303
167172.97165284722
139230.50496350997
108198.71326334594
136714.66965472893
211502.00334659714
103846.06734199543
112158.55389403636
114447.94572801462
180005.08092705655
136357.3425712935
140872.04467290585
155913.22011702892
150892.22074308275
150187.51390538356
89963.24777412783
143580.7018715542
147986.42263713543
85748.07177386638
147454.7262190386
99107.79411794011
155279.75609796378
166430.61222577552
73241.31425984335
169747.66788007354
144993.39795088524
129320.50967168622
147824.6733226866
126692.18910893556
117112.83369404843
101101.33471815752
123444.32056116765
114708.03542416208
130429.16868820412
174898.3031301091
103388.62528967155
132285.880160889
113932.72546171572
120201.17178824976
105930.86398283447
135901.5382245885
161136.44096901402
90872.08236691233
107875.13121216973
135690.98827210863
126900.7363658369
100354.5569988578
91800.75626328876
122096.9309324334
162539.77574676613
109684.93797924015
128599.72701969548
151043.19346981394
120893.04667036603
73732.43249265339
194378.74840846416
110648.31471859965
92159.8437011876
109209.61040516093
147630.25977362637
121556.83074132667
144867.65807309424
150156.60777478406
201714.89155253622
147283.04096890203
139451.17760010093
117039.13696206606
166607.33950648
113691.36189074852
133948.8064928155
109856.30602317574
184529.9721798168
95247.66237773489
191305.61504274156
190831.96306398849
81890.96402355382
216215.0637793854
70665.56042607658
143240.82746973642
157607.97353140826
141977.65226330917
165141.41635249462
127532.4165621966
141883.8699401374
190470.68574904607
153165.74709154374
170612.87004148576
152268.87077881832
139976.02255247935
188183.4091272631
170652.0883023848
114673.44184381176
131118.05000577078
135162.02097014137
67136.03161954958
131514.18078582597
168325.1057172513
102069.40698795408
133333.9175440934
151125.12148978244
157438.0934585869
166206.69247283196
129892.91549370941
132432.94982347742
133233.08197388065
242001.78894337802
200529.43002834034
152949.75723390427
146079.5438332926
165150.94287375317
100351.02270716381
131495.64965531658
127061.25518070359
148777.44556030695
124606.01278594189
139986.69094410384
191310.18564240824
127923.14018065875
238412.94382725083
120585.38921489625
136440.84573231035
99611.65079378794
119575.66717738399
141395.69673527335
135496.16939467267
126015.68330752531
115002.48109559045
162564.70097504059
105286.9705177434
134865.53060607263
120926.83528409364
104254.75767781472
106388.94522634835
97269.20788517421
139543.3427089736
106205.58576682331
122201.6885120912
112376.56106942485
107929.05590218547
89113.46560106502
117307.58348482885
139268.47003943135
125312.94376807494
160860.9603776799
171002.23821205512
107017.86828690347
82487.7142401523
164289.78120014133
120701.0021906868
129647.39864965284
124449.4427809554
152033.7311883739
158924.85278294378
97693.73446870835
106229.72153952686
170635.23054784327
203903.89397565983
148582.53035995355
156449.73554494145
166371.4003621309
177273.99799838557
160024.8758167356
154838.52803517747
178064.37198618343
210994.86307492442
129999.2905193918
136770.94673673052
165550.34078071447
132295.6826344221
157685.7448799448
95640.30667032827
204495.40835284806
130721.2881380553
115514.08920947058
164093.7961648813
107065.79278773772
199168.71074002958
180845.02999356965
120164.58183300072
223490.9884000439
167248.9533160093
113892.77855111347
143599.3637780211
160149.21731049858
179517.20331620346
91486.67081430952
116172.94162908375
154032.34500751927
160551.67826201112
91499.25729524839
157482.67843080292
72655.35424165176
94604.37602350056
170053.96813228834
136938.3636257461
171842.66608456557
161498.02693742255
127749.28342625084
135229.26312532346
155006.51787859877
143089.61355542974
96285.65782119123
117783.98440693066
97238.01514547635
107112.95645597666
99483.79853052273
180481.7579193275
142189.68051612063
132646.49713582973
138875.78369991554
125916.49644733926
169994.8477977506
217477.5416660423
178149.5648154195
205686.51786941546
1591558.7681373248
2092785.8761308186
120429.16055536567
140622.18154411847
122698.21990669942
159964.25820666747
171795.2354825379
159746.26078641473
146155.43794609117
196828.65867924129
113534.08471350778
164869.71553210792
130657.78012638149
140684.78294439867
78674.23014981486
116934.25512931116
107786.93573799591
117189.13462818415
174878.810585825
172993.86416169058
188288.95186510615
148811.20956139956
143879.81263647147
2224196.1735283434
1489744.3169742655
159214.57391456346
130472.69899595813
144082.4378237528
134228.32073931684
175138.35942551764
119597.96106331814
134758.84854956012
54841.72045964553
138988.00515427697
147758.7775253225
144484.6843573698
80642.61513473373
179201.62659596736
135546.9786002562
124023.28355517206
103977.86505852752
101970.30647724161
135159.68368121012
124137.82408841135
159762.90485288546
70019.19890996195
155256.08879738927
133602.5804260601
124239.47317942278
94123.54486833813
186919.68299032428
107064.68521450393
108945.13417024784
136014.70930753314
247673.8942218804
163335.90633958316
121756.5779767265
156065.38363778335
166137.443783968
155388.4303648334
136330.41136659693
172143.86553780298
175897.9606431764
124889.44256027449
181806.42094645355
111201.76490434054
158383.46707899368
125534.39016500622
171938.94533764984
173401.23868080846
100718.41659539905
147424.68128374484
176881.42607500506
103233.11018470692
104029.9458293318
111957.26020946815
137219.8519048189
98370.97416644762
142655.73012676355
212709.55261526068
109445.7977369355
107575.70766560639
154242.2784598025
114866.95400274466
172660.61841423725
147727.12528641758
151226.40119030207
197689.93624536865
63732.25833823623
141412.5481274866
92173.0296539877
174265.8720375673
114403.66753376939
123766.4490933939
117509.2428094659
199183.43699456754
97683.1653022025
196685.9818571131
102682.826457002
112413.459644857
111062.4196230397
153136.7035843617
93978.72007663065
86163.79531507306
83043.28701014073
75387.44318681271
151719.6075669106
77354.17831361928
94024.9891341221
153311.891572984
140577.79269399476
153168.66897209606
169626.38614783587
136806.04194856674
145644.64368030522
120731.87706598571
217739.8886569255
152337.87996460227
131675.84123512154
176927.68598601702
134382.92214503163
132811.02565025428
122102.80496830035
133301.88251378218
164194.7922900443
141385.9081570043
134286.68192626582
251230.314965618
112890.97648704636
117706.9927490347
115770.37047462197
154799.27292401536
116852.49712468762
131355.66573369602
113091.96130872963
133639.91902025533
186982.61480036777
154768.81159301006
130686.46317764983
110069.77529699804
144051.9029895822
128929.90445439477
223631.98126816872
115649.78701317888
87827.01760892964
142203.368200347
146507.31147257518
186125.7226365419
128967.2995781409
186337.51051260732
160275.9526467547
165722.01712444992
91690.31980742412
140940.69157378204
115994.85068793295
125704.72608182993
179494.89149042752
201745.47955781754
157462.01759285
149527.57348421667
115341.39340314841
126873.24389615304
133651.9805226224
135439.90871288878
84356.62456552146
106076.03927714296
130990.54660040978
83727.37142208386
131280.07287313574
111453.5513116845
137251.75710289777
107500.36270554428
214920.5396310281
118958.26123218046
154158.632855492
188601.36314163712
125250.58830301315
168059.5121192045
116003.49589997606
201505.87119781936
162059.72234701904
182512.70476045393
104523.54514218553
73415.77170630616
154077.91930149694
140946.34154342525
136801.108925049
1615032.9376994702
169524.1710404355
136316.52187801586
114203.60894026153
165483.87509102403
85881.1753833661
102545.93112281697
113401.50062328154
160002.59655810308
150632.0396659473
114539.4448263795
133826.91924360915
115122.8767949974
181249.0609144696
181320.92566300978
148293.7663571708
163613.75188698203
119343.965466302
148747.47678168135
108964.00472074084
119148.75508513393
80490.22189818187
120009.07091223096
84043.17071789496
134514.875004557
99874.70317497848
218795.28811602012
74702.08434126187
93409.29958451545
157645.1334795414
94787.61264149955
102278.45950901044
138136.06733272268
105386.01338314213
150454.777639837
136992.16985551585
110438.15258307668
112055.28659779046
146718.3269942111
143770.85515153353
88386.49486122049
123705.96701027214
89035.59088270392
89025.79668762481
97160.00755223111
134211.74839903368
135697.8144985402
156329.198101003
201550.91410368332
184835.02274205387
176828.96173505898
158122.1727658144
190565.34093285952
181907.39740697012
111619.46655802868
146577.93921805618
117826.56877875264
131261.2472331433
146250.0047385462
147612.49738398148
118418.50949689832
119089.84313216631
137595.32957514244
140685.7423888683
259839.2683493643
142730.13119758473
161236.65947893
91505.50034506897
85118.35039018506
181125.78158553372
69100.91291007982
163993.16956559778
129791.69345613674
134818.32062818977
175375.21767457481
152783.27171559818
136889.21733677844
112026.26463172345
127186.67031404284
101262.8086541419
124655.86399075158
123250.27237808779
126678.2832606256
69216.000797143
97291.24385399709
116874.25244709615
144470.46482350974
114777.95576656857
113559.2027211234
234376.3520230231
83302.27643550502
120833.79836200071
108522.68096503768
162944.6735625349
129750.60391740692
106252.10007213303
104705.8300037337
116684.72465560996
134194.78081314595
190697.12322018878
121595.92185973315
184564.9254621463
117204.38166309216
88463.01609294009
168962.21326534517
141148.2124254942
166674.26717444195
106920.76581919321
134022.96925138496
96161.19788226485
139229.46447693315
159137.7765068705
131398.35167233972
148860.93300727115
144128.62286104978
140455.11828100053
174757.53584291358
116766.35842018371
92667.33597033721
133766.1711592225
109949.68634319566
91359.26890524122
192963.45329670783
94232.40954113199
122882.86164444234
164024.83441845627
126508.75372654128
134461.9648256998
167887.4483017898
135900.33309454063
153223.81840781693
156614.95571929467
156631.60224567007
117088.04189566078
262576.6338627223
185558.3710192418
131596.88230971724
146856.09148167932
127920.8706354658
169679.79132951595
113226.49106615302
119807.9763118258
170733.73643853958
88079.426198434
103064.37984215221
1903662.9531436975
71878.4396272642
96847.41670913553
142087.59713332076
103590.03954361075
111296.74364467643
157872.42965454783
161696.18533107862
118135.81741035607
148206.9200802799
122529.44842027461
88580.75191030538
114026.06580098446
123376.74493996207
133507.48688423994
137541.0975575834
141374.30370120102
140488.34538375263
155783.4309257336
130871.69077307005
161746.63651416774
159420.6106647992
92384.29605186825
147924.11564066756
175531.8518152752
159708.14823894357
70539.23768038403
173704.09547555153
71478.66618324298
119245.64357955742
123506.9441374007
110402.24441688754
118637.0957281556
79543.38667569056
159747.71157262582
117296.70403765707
152745.38497313875
98003.98053192096
114080.26693285456
109862.55695937853
108163.86103892478
115141.06755828286
101201.49620832069
118510.25439765629
136493.39517157554
168679.07425215738
136127.06155327198
146948.39238889856
113969.90855482893
101815.62577860971
104527.00548937828
167656.62895795194
97066.27476463934
91505.44897497198
89131.77995234061
84765.77266529077
132486.99140904678
142499.2706804957
155085.9042082364
99401.93252891397
94310.60588253436
167104.4583823889
154731.1116108063
130117.2312364323
103507.57411595341
159434.93874212878
108942.5190349679
134190.44924606438
122936.54429214826
82161.27169253868
223603.03133582338
94869.38194008206
141683.82903518432
224225.94439908594
129494.97520793961
112260.40065505804
168083.66793628392
113738.89948376888
108895.26876182183
125180.1228552288
162502.99839848175
112648.06254273813
138990.50243754947
86594.71664219776
127981.13529015699
195709.8671706766
111369.86622528745
188771.01353130094
144495.84448901968
126599.81257534173
114721.94658538871
85202.93098967387
148604.9924984272
93919.20490359416
191792.50534286533
128383.33189390568
151557.36286701658
168030.52780194473
208666.07331312093
122131.61915705637
158916.7558529879
96942.47683398388
121612.53273597737
200776.77044160292
122191.04375938006
117177.13364461456
128447.75348371474
124676.86406064001
111991.51156449478
162225.7827894265
68345.519382931
151797.56929044172
179660.2018881455
198921.19261612886
172823.39379683856
167441.31083636533
142057.78482511055
103685.59298831572
170610.49210009733
173552.3835978777
186144.58946109042
156605.3840138725
118111.38650133449
136113.28669071235
132855.32515216336
180028.24101333745
138658.0591745186
160429.47103549
95593.94626224777
125331.44615926687
107602.54906244576
98147.46109026253
106584.54765119977
101561.38231975341
81044.50998002659
78271.81904726061
147889.09790496202
87840.74258625762
140733.91228715092
168293.78657000963
123299.64452189981
144287.87545357706
147385.12810327223
94930.98891983416
145182.50327259
150408.8993716147
168219.38989173365
138280.18583448385
85346.17338114837
150282.3611549147
99460.29735703413
154327.2306498591
159471.74615432945
187862.8389781044
128991.04347114684
103286.33557158915
192457.7449611456
116958.15461618364
127659.12001115258
133890.86587859297
169418.3155763743
158286.96860584404
174767.92437252763
96338.716148623
63136.38487270049
168601.2035027569
184523.77937992598
78142.66472889943
198118.8851471537
90590.57102906596
173222.9377798719
177590.8528438888
167928.23508397772
93269.88669164084
69652.86962354198
90426.71408180436
148564.7710325947
143674.7897024125
154110.22139348232
145014.15536604755
138916.66213099827
97773.520737644
167561.62728208845
99233.36726086342
100905.77927514192
120258.10753448441
196377.72927531056
113231.5983630152
176165.00503957068
162072.4897794539
121730.42219292674
174498.42452496543
119717.50001431478
141702.30722357475
162624.26675636758
162710.86374555182
108611.49715923902
182886.93344938994
120246.87961979344
122243.17758384126
107235.09795098398
191470.58308002548
150115.24968333865
201131.69456038947
152485.59543226316
157949.35206222057
172801.87246080153
119424.31303128034
97692.69740444131
110152.69229704734
65832.06785558558
99088.70826830443
111474.62313611747
158160.89985268546
173074.26125438447
96320.8605768838
117578.00606951705
58395.45810536961
162944.09718663155
133845.5796189326
153072.9666360788
160721.64307866123
116119.96350785809
104136.87430305433
131311.45813195498
120138.84142838132
114407.81613848505
132508.95654840433
112927.42734193415
88403.5014515988
112557.43666105816
192747.27486420545
144156.69381163197
110726.21815969892
126359.17245793437
123295.86407796573
118445.58605098446
211661.7093320807
116197.7350193626
184054.06367673856
103128.36301397752
97087.04353358544
79809.6648518553
117350.2559186032
156544.5870819697
138726.3143899677
169569.44542962487
162251.78548786388
113302.0534284779
154476.92466328124
90256.03755055647
78994.27325715279
99396.63927477467
119939.94035223208
182250.96448066982
105716.56061297494
96871.98881750127
56954.830665226225
135958.42691909312
160396.02410558105
136646.77677953037
190778.67953785774
202760.8430463412
166105.27928147602
225043.02092821925
132821.29819396505
147973.85112460738
186125.12909431636
196570.10807474566
163837.54793921148
134375.3963505537
113674.9427738693
1235363.4301217021
1969339.4524098004
155817.34050911403
120376.73590132978
117620.67344560826
140967.38190461622
199281.25624013355
138967.09287771967
105137.41794054685
116237.87232344058
71439.0212410591
189034.155714123
207042.71125213557
179527.2100618261
132305.6255315135
132305.6255315135
74555.08745677273
1398770.6561403836
102289.71082364215
158938.1240758372
108551.07251119794
137358.35819365425
165136.0983937368
89524.42344073956
70580.79408897908
145377.7306549599
70164.57782724574
166825.4226850355
118058.80397089977
142640.83627688803
147117.24645328175
108823.45396850738
135034.17954373822
196316.13194102157
102194.17858746136
159218.72475845783
128546.70336017264
116366.56804800544
101180.04505441479
157186.8611774569
105046.88942331453
128840.72345565984
146001.3882683317
183402.40343259063
154912.92467904396
156519.78617276705
191908.8581278775
133103.32531785208
122929.43294697918
137217.59749640748
99499.81579861285
146498.07641674043
118898.90040567153
101202.22271437699
140061.4662213579
173473.4554059481
129005.94192050549
174462.1694524484
120109.94728474892
154318.35346590704
125182.38285372771
80258.5484588501
197447.23919133798
120666.5740127805
136250.2383878496
145062.449312085
147111.22168352234
136063.8688413161
79512.66956229102
68920.28290886503
211293.64640426415
141037.49076605376
126703.86543283878
129956.95886000527
173028.47168967058
110632.81135883297
92241.70193800569
161073.24028375867
123576.01556378017
131107.1594263757
118970.39345609554
171092.79638223496
123808.5147553617
219506.35880229733
152108.76417484033
125898.68439164238
109075.85886303209
137662.35923323655
193938.34937177613
53541.48849306603
77954.78750502736
108742.49434174957
176654.37763514405
215495.17778734193
145077.78396542347
138219.4978954919
138069.71612305983
97765.88827463571
90554.25099387745
130905.05338938163
129206.33783333747
100231.64590095427
119741.7994845199
116907.29302436102
88761.58026046993
136388.3222941577
163212.6743277003
168254.10709951463
116740.34402206508
99099.46763924045
95631.74567092897
183274.53554180876
183799.57806997138
163713.30814941684
171958.05338863062
170379.53451186462
124636.50653758773
119297.37408105552
118552.22058895208
117503.14356496466
121521.38305626708
146576.57523351963
109416.25632148799
105730.21940303822
141637.45909830183
220029.6791945784
145196.38431017124
134776.7541212877
198969.55807964635
158517.1345976007
109885.92628020134
184281.5643173838
158247.3151974657
217436.1423552678
169945.2317318606
169607.03720885355
147958.87494809556
132224.103556616
223511.27317045748
124586.79158184881
109794.91585330224
113948.31979517412
118047.73649783253
136467.01972487188
196432.62088242974
101723.06931190337
93402.22568858581
189889.69099841258
153886.85508651397
126648.90363122296
146844.30569644112
119629.00869941166
82211.47443949772
126448.18163271608
121021.7065017759
119439.39996376891
169629.38501926765
135867.80958637086
130646.32809972922
147122.96482468265
141140.1532441388
2004143.3721999368
96080.4846187887
96080.4846187887
114341.31334656132
110956.96131992251
145824.417783112
103546.45123925395
126212.04826905849
140591.1966175745
181983.22846832447
153356.88670815394
83724.55904951859
151547.8587156104
83805.74906429555
143227.50024215918
196149.2621823287
117664.71319275472
123077.96781217046
123281.84272868105
110509.4621504596
223055.1916144236
101523.73006819197
132623.22420378504
86930.62981696444
190512.82399889737
114390.22531215865
75614.03664881532
120844.37939224699
177395.70152374447
158992.68386490303
134970.89116021412
142775.4045513639
79417.45261134442
126600.77332734097
210752.78243400957
132598.17040662593
113189.88676477404
105183.34496805577
161063.7407824415
99804.59028227527
120046.6485782308
114513.88438001894
90064.08361519653
193589.25318502533
132343.79224441576
140633.32955839863
120638.29232173898
142649.75233588583
131945.04994543665
189047.63853038597
86897.35907871174
162313.76309860335
144478.39083848277
241635.71113485447
153972.34280724355
113009.40701084732
85140.57782727841
96261.10117755958
137031.24546751403
119325.20012312235
127362.38117188116
136866.70084105813
151199.3947028478
152094.69867121457
133833.48066003117
137042.92576528157
104935.1876056878
76204.02438235637
208840.00977227386
79259.33826151428
103470.72459575985
168286.72346268257
207375.73344589196
149057.32112363062
91933.50868202385
102034.87747884214
125687.586202892
116238.56100768145
140442.58799187423
200931.34843028657
119917.08357769065
191241.87153636318
175449.22962383382
107222.43441286463
167086.3146945195
116102.46910538586
93703.15782045719
155609.40936028596
130342.75517497025
147458.93677201326
112166.61753781218
157450.79371176337
136539.06772160434
103643.49869965794
125643.73069540816
174035.00482743036
79804.94156594464
181716.84605908536
142737.95388140547
105808.63323315153
209171.68848615605
157164.97683399467
160050.64560661436
152507.38992472502
103772.35385037606
106255.59547801282
90018.82034887721
122702.95418503515
102696.61316323704
93707.60701571155
165807.91102995025
111267.34161695596
117458.46043275797
98461.75420271167
135441.07494657923
158938.71115343086
110438.20476284306
213811.45318357763
148453.88678401406
204140.40776380364
121821.69984567707
160853.00163602608
137443.46717763037
112866.35205557078
143764.40135717898
170414.6489793644
179043.984861655
103101.50175138352
154890.74820823193
114902.7912506745
98217.25316759529
146589.85195860977
117185.8136149207
130338.81726230455
136110.5355999917
147920.80546188203
176322.21493647818
108983.32059986683
113116.55629089603
200781.42233079302
125258.80563781032
138744.732188729
147167.59885700568
134412.98197229503
105845.80379607278
168644.7666699926
100147.12353303071
148147.33043185514
113322.09585845402
91861.83022301074
119190.64519462001
169378.3257425773
120090.2702172531
183180.21182865344
120930.57766727345
149646.42684544693
207293.261216848
204959.10368815868
140068.97003162952
179366.16946232828
82052.29385667319
131218.60071999292
147536.7780363728
142089.5919818832
136194.404945704
120067.26885169439
157895.5665854566
100303.13858210488
131945.07455937422
88964.23984754996
114830.53123481464
112806.25985694373
115126.44719887004
145909.02426227147
117053.8724023976
163768.28359660672
127758.64224991779
114656.53130794744
130774.01953888494
105825.41406857604
150576.15017571521
135841.2909140336
103521.1184778926
87728.70044408552
127522.4005982741
74110.52488565937
120064.33697060376
162530.45894848122
97413.2677653388
130238.59690086184
155959.21222224663
200561.91608671896
164473.76384232557
121453.4624185624
211809.57108975877
130311.03523452341
153466.77473956984
97417.64774436546
139353.63708349294
104364.72947444455
86769.06951641379
140301.48738934367
174770.09056926076
83256.36193052336
124601.57393320704
145708.05638293532
186338.0360422568
156634.45045045204
226925.6422365397
124129.43890339573
146368.2633570809
172226.68952044882
180809.697824269
114934.19475345522
91013.92651785297
107460.33657199456
131213.1981572987
129219.49400506873
200693.88671293412
171039.86855358546
137411.12627406942
95882.71501295269
122104.73785313556
137021.13407049462
127574.79188861354
101505.63790261235
160330.2489795133
116626.60581159212
154837.26866856733
140260.86026812167
102500.83628004933
120757.5548457573
175078.36578023888
89788.68899250902
