185.0
294.0
294.0
25.0
144.0
284.0
108.0
212.0
185.0
255.0
238.0
111.0
203.0
292.0
286.0
286.0
164.0
105.0
202.0
260.0
100.0
100.0
113.0
0.0
0.0
85.0
85.0
167.0
111.0
107.0
238.0
266.0
275.0
258.0
280.0
308.0
297.0
263.0
314.0
275.0
201.0
266.0
262.0
76.0
269.0
195.0
187.0
196.0
197.0
271.0
284.0
104.0
222.0
222.0
222.0
222.0
222.0
86.0
196.0
112.0
130.0
240.0
120.0
200.0
200.0
23.0
203.0
248.0
186.0
218.0
200.0
78.0
109.0
214.0
197.0
192.0
191.0
229.0
229.0
229.0
245.0
245.0
76.0
248.0
248.0
158.0
51.0
203.0
263.0
236.0
236.0
185.0
185.0
198.0
231.0
231.0
212.0
85.0
10.0
13.0
72.0
97.0
100.0
68.0
123.0
197.0
248.0
75.0
109.0
186.0
195.0
195.0
213.0
222.0
99.0
99.0
178.0
116.0
185.0
195.0
45.0
228.0
26.0
18.0
285.0
214.0
72.0
0.0
172.0
81.0
74.0
74.0
74.0
222.0
222.0
222.0
222.0
222.0
222.0
222.0
270.0
270.0
270.0
270.0
270.0
71.0
71.0
71.0
71.0
71.0
71.0
71.0
71.0
71.0
71.0
71.0
71.0
71.0
71.0
71.0
71.0
71.0
71.0
71.0
71.0
71.0
71.0
71.0
71.0
71.0
71.0
71.0
71.0
71.0
71.0
71.0
19.0
89.0
295.0
70.0
192.0
223.0
201.0
213.0
74.0
107.0
279.0
188.0
182.0
189.0
189.0
194.0
206.0
223.0
188.0
221.0
261.0
261.0
258.0
229.0
214.0
199.0
192.0
261.0
226.0
187.0
137.0
213.0
237.0
177.0
220.0
251.0
233.0
229.0
321.0
120.0
214.0
214.0
106.0
131.0
226.0
89.0
179.0
258.0
198.0
198.0
69.0
124.0
245.0
249.0
280.0
282.0
200.0
187.0
38.0
251.0
253.0
105.0
170.0
292.0
282.0
196.0
222.0
246.0
202.0
202.0
319.0
257.0
255.0
208.0
184.0
233.0
203.0
214.0
208.0
292.0
253.0
183.0
223.0
201.0
201.0
207.0
248.0
221.0
184.0
177.0
141.0
141.0
291.0
228.0
228.0
124.0
188.0
221.0
255.0
247.0
130.0
167.0
201.0
248.0
248.0
248.0
248.0
248.0
248.0
248.0
248.0
280.0
280.0
224.0
224.0
224.0
224.0
299.0
192.0
191.0
200.0
217.0
201.0
189.0
198.0
198.0
181.0
181.0
194.0
145.0
195.0
146.0
231.0
184.0
194.0
204.0
185.0
200.0
201.0
191.0
191.0
217.0
184.0
203.0
133.0
265.0
228.0
320.0
282.0
233.0
206.0
192.0
88.0
71.0
71.0
226.0
179.0
164.0
250.0
225.0
196.0
229.0
230.0
183.0
206.0
202.0
201.0
225.0
230.0
164.0
186.0
111.0
224.0
207.0
253.0
221.0
201.0
187.0
200.0
200.0
244.0
244.0
276.0
76.0
222.0
209.0
183.0
235.0
205.0
200.0
218.0
213.0
124.0
234.0
194.0
252.0
216.0
219.0
211.0
194.0
271.0
241.0
197.0
202.0
173.0
57.0
181.0
206.0
103.0
180.0
164.0
223.0
223.0
156.0
137.0
211.0
220.0
186.0
99.0
158.0
221.0
196.0
179.0
194.0
195.0
213.0
214.0
214.0
183.0
180.0
227.0
216.0
184.0
204.0
239.0
176.0
177.0
201.0
244.0
237.0
148.0
208.0
187.0
217.0
192.0
190.0
133.0
240.0
180.0
165.0
199.0
179.0
182.0
207.0
183.0
197.0
181.0
103.0
33.0
161.0
149.0
219.0
191.0
231.0
193.0
186.0
153.0
105.0
98.0
177.0
224.0
199.0
173.0
198.0
192.0
207.0
210.0
180.0
152.0
192.0
199.0
132.0
172.0
187.0
177.0
190.0
161.0
238.0
199.0
250.0
197.0
231.0
167.0
186.0
214.0
184.0
150.0
217.0
194.0
209.0
219.0
269.0
192.0
209.0
181.0
193.0
194.0
136.0
151.0
194.0
207.0
218.0
208.0
193.0
202.0
211.0
212.0
200.0
243.0
74.0
222.0
198.0
227.0
218.0
225.0
220.0
220.0
188.0
207.0
192.0
221.0
193.0
162.0
212.0
235.0
214.0
195.0
191.0
209.0
197.0
217.0
209.0
191.0
192.0
235.0
166.0
169.0
192.0
180.0
178.0
200.0
200.0
204.0
209.0
194.0
169.0
234.0
234.0
196.0
165.0
195.0
185.0
195.0
149.0
151.0
190.0
242.0
215.0
207.0
204.0
80.0
306.0
88.0
199.0
146.0
176.0
233.0
227.0
230.0
209.0
185.0
179.0
188.0
199.0
194.0
192.0
128.0
160.0
200.0
197.0
160.0
160.0
160.0
160.0
160.0
182.0
213.0
203.0
203.0
203.0
203.0
209.0
188.0
201.0
225.0
204.0
125.0
112.0
200.0
192.0
193.0
254.0
254.0
254.0
254.0
254.0
222.0
222.0
222.0
182.0
206.0
172.0
222.0
200.0
186.0
199.0
197.0
212.0
211.0
189.0
182.0
182.0
192.0
194.0
199.0
196.0
205.0
201.0
193.0
203.0
187.0
179.0
195.0
199.0
199.0
210.0
209.0
209.0
206.0
228.0
202.0
199.0
199.0
199.0
236.0
267.0
218.0
143.0
256.0
67.0
184.0
197.0
132.0
186.0
175.0
193.0
199.0
185.0
198.0
137.0
202.0
210.0
192.0
225.0
180.0
210.0
196.0
188.0
206.0
210.0
184.0
197.0
206.0
195.0
211.0
201.0
190.0
190.0
238.0
178.0
204.0
204.0
194.0
200.0
192.0
173.0
183.0
179.0
193.0
226.0
190.0
237.0
213.0
266.0
264.0
293.0
107.0
293.0
252.0
252.0
240.0
214.0
315.0
250.0
304.0
304.0
58.0
168.0
273.0
289.0
256.0
259.0
273.0
98.0
236.0
239.0
242.0
108.0
287.0
239.0
245.0
154.0
270.0
7.0
100.0
94.0
292.0
201.0
326.0
260.0
292.0
292.0
292.0
292.0
292.0
292.0
292.0
292.0
292.0
292.0
292.0
292.0
292.0
292.0
292.0
292.0
292.0
292.0
292.0
292.0
292.0
0.0
277.0
226.0
39.0
285.0
311.0
107.0
124.0
299.0
89.0
49.0
283.0
251.0
272.0
88.0
39.0
301.0
306.0
180.0
232.0
232.0
201.0
273.0
84.0
84.0
84.0
84.0
30.0
286.0
288.0
175.0
310.0
17.0
246.0
292.0
292.0
66.0
66.0
66.0
66.0
66.0
66.0
66.0
300.0
337.0
297.0
262.0
296.0
289.0
292.0
297.0
300.0
276.0
291.0
300.0
314.0
282.0
277.0
309.0
284.0
284.0
284.0
284.0
256.0
238.0
274.0
301.0
290.0
285.0
240.0
303.0
0.0
303.0
157.0
302.0
292.0
262.0
262.0
293.0
290.0
300.0
297.0
278.0
273.0
306.0
285.0
305.0
319.0
287.0
276.0
289.0
316.0
284.0
291.0
282.0
280.0
272.0
280.0
285.0
305.0
315.0
263.0
294.0
295.0
306.0
297.0
317.0
272.0
301.0
309.0
298.0
286.0
311.0
273.0
310.0
300.0
296.0
310.0
279.0
304.0
283.0
260.0
295.0
292.0
311.0
294.0
307.0
279.0
281.0
287.0
304.0
320.0
303.0
306.0
302.0
299.0
284.0
269.0
298.0
317.0
311.0
308.0
266.0
267.0
299.0
299.0
283.0
299.0
330.0
317.0
300.0
301.0
300.0
283.0
305.0
282.0
275.0
300.0
307.0
289.0
273.0
281.0
276.0
290.0
284.0
298.0
322.0
291.0
298.0
268.0
295.0
306.0
313.0
294.0
285.0
305.0
282.0
253.0
284.0
306.0
269.0
278.0
258.0
293.0
286.0
267.0
291.0
317.0
270.0
320.0
305.0
260.0
309.0
285.0
287.0
278.0
268.0
298.0
299.0
313.0
302.0
307.0
290.0
309.0
306.0
308.0
279.0
270.0
291.0
329.0
300.0
293.0
303.0
300.0
303.0
284.0
279.0
283.0
297.0
300.0
286.0
279.0
297.0
283.0
310.0
283.0
274.0
284.0
274.0
280.0
299.0
281.0
290.0
302.0
289.0
282.0
304.0
296.0
273.0
292.0
265.0
308.0
302.0
301.0
295.0
299.0
272.0
281.0
304.0
282.0
268.0
287.0
256.0
292.0
274.0
322.0
266.0
295.0
299.0
265.0
305.0
267.0
286.0
259.0
298.0
295.0
279.0
265.0
280.0
274.0
278.0
275.0
274.0
268.0
279.0
265.0
297.0
285.0
275.0
281.0
288.0
267.0
278.0
267.0
287.0
296.0
280.0
302.0
302.0
315.0
261.0
303.0
306.0
266.0
315.0
272.0
313.0
302.0
291.0
314.0
287.0
295.0
304.0
302.0
294.0
316.0
328.0
302.0
293.0
284.0
270.0
321.0
269.0
309.0
306.0
287.0
311.0
291.0
313.0
297.0
281.0
314.0
292.0
239.0
265.0
302.0
302.0
294.0
306.0
270.0
305.0
302.0
296.0
294.0
270.0
279.0
284.0
294.0
301.0
313.0
293.0
287.0
296.0
307.0
268.0
298.0
274.0
283.0
301.0
284.0
307.0
260.0
277.0
306.0
314.0
301.0
302.0
303.0
293.0
290.0
284.0
298.0
287.0
330.0
267.0
278.0
302.0
310.0
294.0
292.0
289.0
295.0
289.0
302.0
291.0
293.0
294.0
247.0
315.0
299.0
278.0
314.0
297.0
311.0
262.0
299.0
299.0
319.0
297.0
298.0
258.0
305.0
315.0
282.0
280.0
325.0
314.0
309.0
280.0
304.0
278.0
299.0
293.0
319.0
286.0
283.0
288.0
284.0
301.0
315.0
284.0
285.0
293.0
301.0
285.0
304.0
291.0
304.0
299.0
290.0
289.0
317.0
299.0
280.0
303.0
309.0
304.0
283.0
288.0
292.0
288.0
321.0
291.0
302.0
252.0
289.0
273.0
294.0
315.0
278.0
296.0
308.0
281.0
286.0
280.0
312.0
277.0
318.0
302.0
308.0
271.0
302.0
283.0
279.0
286.0
293.0
284.0
284.0
303.0
314.0
305.0
259.0
264.0
287.0
292.0
300.0
308.0
300.0
289.0
302.0
281.0
313.0
306.0
284.0
270.0
299.0
296.0
296.0
291.0
286.0
308.0
299.0
289.0
295.0
272.0
294.0
275.0
280.0
303.0
305.0
287.0
290.0
295.0
304.0
277.0
301.0
291.0
315.0
293.0
282.0
290.0
278.0
274.0
316.0
294.0
285.0
324.0
295.0
285.0
315.0
306.0
307.0
274.0
286.0
316.0
318.0
305.0
315.0
291.0
301.0
284.0
311.0
295.0
280.0
290.0
307.0
293.0
292.0
278.0
283.0
295.0
300.0
288.0
323.0
287.0
308.0
282.0
302.0
321.0
299.0
311.0
298.0
267.0
288.0
310.0
301.0
303.0
296.0
268.0
303.0
280.0
295.0
308.0
292.0
258.0
317.0
289.0
313.0
276.0
306.0
274.0
285.0
279.0
287.0
313.0
287.0
288.0
303.0
284.0
309.0
282.0
265.0
314.0
281.0
289.0
296.0
288.0
297.0
296.0
302.0
303.0
304.0
302.0
272.0
302.0
297.0
304.0
291.0
308.0
295.0
267.0
304.0
330.0
296.0
304.0
303.0
297.0
311.0
287.0
295.0
304.0
277.0
299.0
299.0
282.0
302.0
307.0
304.0
285.0
302.0
291.0
274.0
263.0
309.0
296.0
299.0
263.0
300.0
296.0
305.0
270.0
304.0
272.0
272.0
321.0
282.0
328.0
296.0
304.0
295.0
288.0
305.0
287.0
274.0
294.0
289.0
304.0
291.0
280.0
282.0
311.0
298.0
305.0
326.0
284.0
281.0
307.0
299.0
291.0
282.0
266.0
293.0
295.0
306.0
258.0
282.0
283.0
294.0
274.0
313.0
294.0
299.0
277.0
295.0
285.0
284.0
291.0
263.0
286.0
290.0
310.0
303.0
278.0
280.0
300.0
299.0
292.0
304.0
308.0
292.0
307.0
310.0
308.0
287.0
319.0
306.0
302.0
306.0
322.0
314.0
285.0
296.0
284.0
278.0
323.0
309.0
283.0
309.0
295.0
306.0
291.0
282.0
320.0
307.0
274.0
274.0
273.0
285.0
275.0
274.0
285.0
299.0
291.0
267.0
297.0
312.0
271.0
303.0
278.0
313.0
288.0
287.0
297.0
275.0
310.0
277.0
277.0
306.0
266.0
260.0
304.0
298.0
283.0
279.0
319.0
302.0
287.0
280.0
315.0
285.0
328.0
316.0
278.0
291.0
286.0
277.0
305.0
280.0
289.0
294.0
299.0
306.0
299.0
302.0
323.0
276.0
298.0
304.0
306.0
292.0
268.0
270.0
268.0
259.0
104.0
116.0
305.0
301.0
303.0
272.0
283.0
286.0
294.0
259.0
285.0
288.0
290.0
198.0
319.0
300.0
312.0
192.0
276.0
293.0
285.0
298.0
292.0
73.0
79.0
284.0
289.0
293.0
302.0
278.0
296.0
305.0
330.0
293.0
279.0
282.0
313.0
270.0
283.0
302.0
315.0
307.0
297.0
299.0
276.0
319.0
280.0
296.0
297.0
312.0
268.0
311.0
315.0
303.0
264.0
287.0
300.0
261.0
291.0
254.0
296.0
283.0
282.0
298.0
272.0
305.0
289.0
291.0
278.0
274.0
315.0
293.0
266.0
309.0
313.0
310.0
293.0
310.0
291.0
254.0
302.0
290.0
285.0
298.0
283.0
292.0
284.0
278.0
329.0
285.0
306.0
274.0
305.0
287.0
285.0
274.0
313.0
247.0
307.0
308.0
298.0
295.0
186.0
204.0
322.0
305.0
277.0
322.0
303.0
271.0
282.0
286.0
284.0
302.0
289.0
305.0
256.0
278.0
299.0
270.0
291.0
286.0
307.0
290.0
280.0
285.0
287.0
266.0
296.0
298.0
313.0
272.0
296.0
295.0
309.0
290.0
289.0
292.0
293.0
310.0
298.0
297.0
273.0
298.0
311.0
293.0
287.0
259.0
290.0
295.0
285.0
275.0
311.0
298.0
296.0
311.0
272.0
262.0
283.0
284.0
307.0
309.0
305.0
305.0
313.0
318.0
284.0
326.0
299.0
297.0
310.0
302.0
263.0
311.0
292.0
279.0
285.0
284.0
296.0
273.0
292.0
281.0
314.0
314.0
287.0
308.0
300.0
86.0
285.0
297.0
294.0
278.0
301.0
297.0
309.0
273.0
293.0
292.0
289.0
304.0
270.0
280.0
308.0
263.0
312.0
279.0
298.0
292.0
306.0
301.0
313.0
294.0
309.0
270.0
325.0
318.0
274.0
323.0
301.0
302.0
314.0
282.0
291.0
302.0
310.0
267.0
290.0
320.0
313.0
315.0
303.0
320.0
296.0
303.0
280.0
271.0
277.0
283.0
279.0
289.0
269.0
297.0
277.0
294.0
294.0
300.0
300.0
298.0
298.0
291.0
293.0
266.0
295.0
299.0
314.0
318.0
284.0
319.0
284.0
305.0
296.0
269.0
288.0
298.0
294.0
310.0
301.0
299.0
301.0
313.0
325.0
303.0
309.0
299.0
282.0
304.0
267.0
330.0
304.0
288.0
305.0
295.0
308.0
311.0
291.0
295.0
282.0
277.0
281.0
279.0
318.0
281.0
291.0
272.0
287.0
294.0
312.0
296.0
288.0
284.0
311.0
286.0
302.0
279.0
306.0
310.0
291.0
296.0
311.0
274.0
307.0
298.0
283.0
292.0
300.0
278.0
285.0
288.0
297.0
292.0
309.0
248.0
265.0
303.0
288.0
297.0
267.0
305.0
303.0
284.0
198.0
210.0
99.0
309.0
315.0
297.0
310.0
311.0
293.0
289.0
309.0
291.0
303.0
318.0
315.0
276.0
299.0
285.0
291.0
299.0
291.0
285.0
281.0
282.0
316.0
283.0
274.0
279.0
328.0
281.0
320.0
295.0
291.0
300.0
311.0
325.0
264.0
304.0
296.0
311.0
309.0
308.0
293.0
313.0
312.0
304.0
295.0
278.0
300.0
291.0
292.0
312.0
310.0
280.0
306.0
319.0
303.0
315.0
302.0
299.0
282.0
308.0
300.0
280.0
294.0
295.0
306.0
276.0
303.0
294.0
294.0
314.0
270.0
316.0
294.0
282.0
292.0
306.0
286.0
305.0
309.0
294.0
278.0
314.0
292.0
316.0
297.0
271.0
310.0
278.0
283.0
290.0
305.0
306.0
280.0
302.0
276.0
302.0
296.0
288.0
270.0
278.0
293.0
316.0
300.0
273.0
305.0
293.0
294.0
302.0
313.0
297.0
321.0
275.0
295.0
280.0
277.0
292.0
288.0
302.0
269.0
274.0
277.0
280.0
307.0
298.0
294.0
282.0
302.0
279.0
316.0
295.0
315.0
308.0
301.0
186.0
206.0
187.0
279.0
313.0
297.0
272.0
297.0
280.0
291.0
308.0
282.0
299.0
274.0
298.0
314.0
281.0
314.0
291.0
292.0
286.0
299.0
307.0
276.0
305.0
300.0
293.0
275.0
294.0
280.0
321.0
318.0
262.0
279.0
329.0
267.0
327.0
288.0
263.0
276.0
320.0
329.0
304.0
302.0
281.0
289.0
295.0
293.0
299.0
265.0
317.0
314.0
310.0
265.0
286.0
276.0
270.0
305.0
271.0
297.0
287.0
285.0
292.0
290.0
287.0
305.0
303.0
300.0
274.0
290.0
267.0
290.0
271.0
278.0
304.0
310.0
204.0
183.0
310.0
310.0
311.0
282.0
315.0
310.0
330.0
277.0
272.0
286.0
284.0
304.0
316.0
296.0
306.0
314.0
296.0
311.0
305.0
301.0
271.0
292.0
295.0
293.0
303.0
297.0
270.0
297.0
279.0
310.0
313.0
317.0
303.0
287.0
297.0
281.0
284.0
304.0
298.0
313.0
318.0
316.0
301.0
284.0
307.0
308.0
326.0
307.0
285.0
297.0
264.0
272.0
279.0
268.0
311.0
290.0
275.0
275.0
274.0
300.0
304.0
97.0
90.0
292.0
308.0
304.0
293.0
262.0
299.0
304.0
287.0
334.0
280.0
266.0
269.0
185.0
185.0
179.0
96.0
315.0
282.0
295.0
289.0
268.0
315.0
313.0
290.0
318.0
280.0
298.0
288.0
285.0
313.0
284.0
272.0
313.0
290.0
292.0
296.0
286.0
273.0
306.0
294.0
299.0
285.0
285.0
275.0
276.0
302.0
291.0
300.0
304.0
289.0
304.0
294.0
293.0
275.0
300.0
290.0
294.0
289.0
301.0
320.0
273.0
306.0
298.0
286.0
301.0
292.0
312.0
328.0
273.0
281.0
296.0
281.0
292.0
306.0
305.0
285.0
303.0
296.0
294.0
290.0
305.0
240.0
289.0
291.0
302.0
298.0
278.0
321.0
322.0
313.0
267.0
274.0
295.0
302.0
304.0
315.0
308.0
296.0
301.0
306.0
307.0
307.0
321.0
295.0
291.0
279.0
301.0
313.0
317.0
273.0
279.0
273.0
278.0
282.0
299.0
313.0
311.0
301.0
303.0
284.0
312.0
322.0
278.0
260.0
295.0
285.0
251.0
273.0
309.0
277.0
291.0
275.0
290.0
289.0
286.0
307.0
263.0
308.0
308.0
308.0
306.0
291.0
249.0
308.0
304.0
285.0
293.0
277.0
286.0
303.0
199.0
294.0
285.0
291.0
283.0
284.0
286.0
290.0
307.0
73.0
203.0
203.0
196.0
313.0
293.0
312.0
310.0
310.0
274.0
288.0
317.0
277.0
315.0
292.0
266.0
311.0
293.0
303.0
304.0
269.0
299.0
315.0
313.0
260.0
298.0
325.0
314.0
280.0
277.0
290.0
278.0
320.0
283.0
273.0
291.0
307.0
303.0
287.0
308.0
283.0
306.0
317.0
259.0
291.0
295.0
291.0
298.0
289.0
280.0
304.0
279.0
295.0
250.0
270.0
304.0
318.0
308.0
295.0
308.0
285.0
307.0
303.0
296.0
293.0
290.0
312.0
320.0
269.0
322.0
304.0
286.0
274.0
291.0
314.0
313.0
304.0
306.0
307.0
258.0
307.0
277.0
289.0
312.0
277.0
294.0
304.0
284.0
300.0
287.0
299.0
297.0
292.0
301.0
307.0
268.0
317.0
274.0
290.0
325.0
279.0
295.0
270.0
294.0
318.0
297.0
323.0
300.0
294.0
316.0
286.0
312.0
289.0
310.0
306.0
284.0
313.0
250.0
290.0
271.0
309.0
296.0
288.0
309.0
287.0
279.0
277.0
304.0
288.0
305.0
314.0
282.0
311.0
291.0
287.0
287.0
279.0
307.0
286.0
276.0
308.0
296.0
285.0
283.0
315.0
281.0
295.0
284.0
309.0
309.0
300.0
287.0
309.0
278.0
300.0
291.0
260.0
274.0
288.0
280.0
331.0
293.0
281.0
265.0
271.0
314.0
281.0
300.0
301.0
320.0
306.0
303.0
305.0
274.0
312.0
288.0
287.0
293.0
297.0
307.0
287.0
280.0
308.0
307.0
300.0
322.0
301.0
288.0
326.0
305.0
298.0
275.0
280.0
301.0
267.0
301.0
293.0
322.0
303.0
299.0
311.0
270.0
271.0
329.0
312.0
306.0
275.0
292.0
267.0
304.0
282.0
281.0
291.0
306.0
326.0
306.0
286.0
304.0
276.0
273.0
299.0
305.0
300.0
291.0
297.0
298.0
286.0
287.0
289.0
302.0
317.0
312.0
283.0
311.0
